f 0 0 s 2.4 #77b942 0.298039 m 43.35 -16.55 q 41.15 -14.35 36.2 -16.25 q 31.15 -18.05 26.3 -22.95 q 21.4 -27.8 19.6 -32.85 q 17.7 -37.8 19.9 -40 q 22.15 -42.25 27.15 -40.4 q 32.1 -38.5 37 -33.65 q 41.85 -28.75 43.75 -23.8 q 45.6 -18.8 43.35 -16.55 f 0 0 s 2.4 #77b942 0.298039 m -4.1 35.2 q 3.65 34.55 12.35 29.35 q 29.7 18.95 34 -3.8 f 0 0 s 2.4 #77b942 0.298039 m -19.35 41.8 q -21.55 44 -26.5 42.1 q -31.55 40.3 -36.4 35.4 q -41.3 30.55 -43.1 25.5 q -45 20.55 -42.8 18.35 q -40.55 16.1 -35.55 17.95 q -30.6 19.85 -25.7 24.7 q -20.85 29.6 -18.95 34.55 q -17.1 39.55 -19.35 41.8 f 0 0 s 2.4 #77b942 0.298039 m 6.25 -33.9 q -1.55 -34 -10.7 -29.7 q -29 -21.05 -35.55 1.15
f #d8dc5e 0.34902 m 35.6 -35.6 q 20.85 -50.35 0 -50.35 q -20.85 -50.35 -35.6 -35.6 q -50.35 -20.85 -50.35 0 q -50.35 20.85 -35.6 35.6 q -20.85 50.35 0 50.35 q 20.85 50.35 35.6 35.6 q 50.35 20.85 50.35 0 q 50.35 -20.85 35.6 -35.6 c f 0 0 s 6.4 #77b942 1 m 50.35 0 q 50.35 20.85 35.6 35.6 q 20.85 50.35 0 50.35 q -20.85 50.35 -35.6 35.6 q -50.35 20.85 -50.35 0 q -50.35 -20.85 -35.6 -35.6 q -20.85 -50.35 0 -50.35 q 20.85 -50.35 35.6 -35.6 q 50.35 -20.85 50.35 0
f 0 0 s 2.4 #b52b92 0.298039 m 44.55 -15.35 q 42.35 -13.15 37.4 -15.05 q 32.35 -16.85 27.5 -21.75 q 22.6 -26.6 20.8 -31.65 q 18.9 -36.6 21.1 -38.8 q 23.35 -41.05 28.35 -39.2 q 33.3 -37.3 38.2 -32.45 q 43.05 -27.55 44.95 -22.6 q 46.8 -17.6 44.55 -15.35 f 0 0 s 2.4 #b52b92 0.298039 m -2.9 36.4 q 4.85 35.75 13.55 30.55 q 30.9 20.15 35.2 -2.6 f 0 0 s 2.4 #b52b92 0.298039 m -18.15 43 q -20.35 45.2 -25.3 43.3 q -30.35 41.5 -35.2 36.6 q -40.1 31.75 -41.9 26.7 q -43.8 21.75 -41.6 19.55 q -39.35 17.3 -34.35 19.15 q -29.4 21.05 -24.5 25.9 q -19.65 30.8 -17.75 35.75 q -15.9 40.75 -18.15 43 f 0 0 s 2.4 #b52b92 0.298039 m 7.45 -32.7 q -0.35 -32.8 -9.5 -28.5 q -27.8 -19.85 -34.35 2.35
f #fc77ba 0.34902 m 35.6 -35.1 q 20.85 -49.85 0 -49.85 q -20.85 -49.85 -35.6 -35.1 q -50.35 -20.35 -50.35 0.5 q -50.35 21.35 -35.6 36.1 q -20.85 50.85 0 50.85 q 20.85 50.85 35.6 36.1 q 50.35 21.35 50.35 0.5 q 50.35 -20.35 35.6 -35.1 c f 0 0 s 6.4 #b52b92 1 m 50.35 0.5 q 50.35 21.35 35.6 36.1 q 20.85 50.85 0 50.85 q -20.85 50.85 -35.6 36.1 q -50.35 21.35 -50.35 0.5 q -50.35 -20.35 -35.6 -35.1 q -20.85 -49.85 0 -49.85 q 20.85 -49.85 35.6 -35.1 q 50.35 -20.35 50.35 0.5
f 0 0 s 6.4 #b52b92 1 m 50.35 0 q 50.35 20.85 35.6 35.6 q 20.85 50.35 0 50.35 q -20.85 50.35 -35.6 35.6 q -50.35 20.85 -50.35 0 q -50.35 -20.85 -35.6 -35.6 q -20.85 -50.35 0 -50.35 q 20.85 -50.35 35.6 -35.6 q 50.35 -20.85 50.35 0
f 0 0 s 2.4 #434978 0.298039 m 43.75 -16.1 q 41.55 -13.9 36.6 -15.8 q 31.55 -17.6 26.7 -22.5 q 21.8 -27.35 20 -32.4 q 18.1 -37.35 20.3 -39.55 q 22.55 -41.8 27.55 -39.95 q 32.5 -38.05 37.4 -33.2 q 42.25 -28.3 44.15 -23.35 q 46 -18.35 43.75 -16.1 f 0 0 s 2.4 #434978 0.298039 m -3.7 35.65 q 4.05 35 12.75 29.8 q 30.1 19.4 34.4 -3.35 f 0 0 s 2.4 #434978 0.298039 m -18.95 42.25 q -21.15 44.45 -26.1 42.55 q -31.15 40.75 -36 35.85 q -40.9 31 -42.7 25.95 q -44.6 21 -42.4 18.8 q -40.15 16.55 -35.15 18.4 q -30.2 20.3 -25.3 25.15 q -20.45 30.05 -18.55 35 q -16.7 40 -18.95 42.25 f 0 0 s 2.4 #434978 0.298039 m 6.65 -33.45 q -1.15 -33.55 -10.3 -29.25 q -28.6 -20.6 -35.15 1.6
f #4bcede 0.34902 m 35.6 -35.1 q 20.85 -49.85 0 -49.85 q -20.85 -49.85 -35.6 -35.1 q -50.35 -20.35 -50.35 0.5 q -50.35 21.35 -35.6 36.1 q -20.85 50.85 0 50.85 q 20.85 50.85 35.6 36.1 q 50.35 21.35 50.35 0.5 q 50.35 -20.35 35.6 -35.1 c f 0 0 s 6.4 #434978 1 m 50.35 0.5 q 50.35 21.35 35.6 36.1 q 20.85 50.85 0 50.85 q -20.85 50.85 -35.6 36.1 q -50.35 21.35 -50.35 0.5 q -50.35 -20.35 -35.6 -35.1 q -20.85 -49.85 0 -49.85 q 20.85 -49.85 35.6 -35.1 q 50.35 -20.35 50.35 0.5
f 0 0 s 6.4 #434978 1 m 50.35 0 q 50.35 20.85 35.6 35.6 q 20.85 50.35 0 50.35 q -20.85 50.35 -35.6 35.6 q -50.35 20.85 -50.35 0 q -50.35 -20.85 -35.6 -35.6 q -20.85 -50.35 0 -50.35 q 20.85 -50.35 35.6 -35.6 q 50.35 -20.85 50.35 0
f #5184e7 0.07451 m 170 262.9 l 123.25 309.65 l 517.25 703.65 l 564 656.9 l 170 262.9 c f #5184e7 0.07451 m 717.45 747.65 l 1053.6 748 l 281.45 0.95 l 0.2 0.1 l 0 22.35 l 717.45 747.65 c f #5184e7 0.07451 m 1366.9 747.9 l 1489.7 645.8 l 825.15 0 l 517.35 2.35 l 1254.85 748 l 1366.9 747.9 c f #5184e7 0.07451 m 1521.8 604.35 l 1568.55 557.6 l 1174.55 163.6 l 1127.8 210.35 l 1521.8 604.35 c
f #72abbe 0.066667 m 1718.05 832.05 l 1718.05 82.05 l 94.05 82.05 l 94.05 832.05 l 1718.05 832.05 c
f #fff 1 m 1718.05 832.05 l 1718.05 82.05 l 94.05 82.05 l 94.05 832.05 l 1718.05 832.05 c