f #63bf79 1 m 86.55 22.25 q 87.95 20.5 88 19.3 q 88.15 17.5 87 16.15 q 85.85 14.8 84.05 14.65 q 82.25 14.55 80.9 15.7 q 79.55 16.85 79.4 18.65 q 79.35 19.45 80.05 21.1 q 80.9 23.25 80.45 21.8 q 79.4 18.3 81.15 16.55 q 82.3 15.35 83.9 15.4 q 85.55 15.55 86.65 17 q 88.25 19 86.55 22.25 c
f #63bf79 1 m 86.45 15.9 q 86.35 15.75 86.25 15.7 q 85.15 14.8 83.65 14.75 q 82.75 14.75 81.95 15.15 q 81.3 15.4 80.75 15.9 q 79.55 17 79.4 18.7 l 79.4 18.75 q 79.4 19.6 79.95 21 q 80.7 22.85 80.4 21.75 q 80.35 21.5 80.35 21.3 q 80 19.25 81.5 18 q 81.55 17.95 81.6 17.9 q 82.75 17 84.25 16.9 q 85.05 16.95 85.65 17.2 q 86.3 17.45 86.8 17.9 q 87.65 18.65 87.5 19.7 q 87.45 20 87.3 20.35 q 87.5 19.9 87.6 19.55 q 87.75 19.05 87.65 18.6 q 87.6 17 86.45 15.9 c
f #63bf79 1 m 87.65 19.65 q 87.7 19.3 87.4 19.1 q 87.35 19.65 87.05 20.35 q 87.6 19.9 87.65 19.65 c f #63bf79 1 m 84.6 18.45 q 85.3 18.4 85.9 18.5 q 86.5 18.6 86.95 18.8 q 87.25 18.9 87.4 19.1 q 87.45 18.9 87.45 18.75 q 87.5 18.25 87.35 17.85 q 87.05 16.5 85.9 15.6 q 85.8 15.5 85.7 15.45 q 84.6 14.8 83.25 14.85 q 82.4 14.9 81.7 15.3 q 81.1 15.6 80.6 16.05 q 79.55 17.15 79.4 18.7 l 79.4 18.75 q 79.4 19.65 79.9 20.9 q 80.5 22.4 80.35 21.75 q 80.35 21.6 80.35 21.45 q 80.4 20.25 82 19.35 q 82 19.3 82.05 19.3 q 83.25 18.6 84.6 18.45 c
f #63bf79 1 m 87.3 17.9 q 87.2 17.5 87 17.15 q 86.55 16 85.35 15.35 q 85.25 15.3 85.15 15.25 q 84.05 14.75 82.85 14.95 q 82.1 15.1 81.4 15.5 q 80.9 15.8 80.5 16.25 q 79.5 17.25 79.4 18.75 l 79.4 18.8 q 79.35 19.65 79.8 20.8 q 80.25 22 80.3 21.7 q 80.3 21.65 80.4 21.65 q 80.8 21.3 82.45 20.7 q 82.5 20.7 82.5 20.65 q 83.7 20.25 85 19.95 q 85.6 19.85 86.1 19.8 q 86.65 19.7 87.05 19.7 q 87.8 19.6 87.75 19.55 q 87.75 19.4 87.25 19.4 q 87.45 18.6 87.3 17.9 c
f #63bf79 1 m 87.15 17.1 q 86.95 16.7 86.7 16.4 q 86 15.5 84.8 15.05 q 84.7 15.05 84.6 15 q 83.5 14.75 82.45 15.05 q 81.75 15.25 81.15 15.65 q 80.7 16 80.35 16.4 q 79.5 17.4 79.4 18.75 l 79.4 18.8 q 79.35 19.7 79.75 20.7 q 80.05 21.55 80.25 21.7 q 80.3 21.75 80.4 21.8 q 81.2 22.3 82.95 22.05 q 84.2 21.85 85.35 21.5 q 85.85 21.3 86.35 21.1 q 86.85 20.85 87.2 20.6 q 87.9 20.1 87.9 19.5 q 87.95 18.9 87.5 18.45 q 87.5 17.7 87.15 17.1 c
f #63bf79 1 m 86.55 22.4 q 87.9 21.25 88 19.45 q 88.15 17.65 87 16.3 q 85.85 14.95 84.05 14.8 q 82.25 14.7 80.9 15.85 q 79.55 17 79.4 18.8 q 79.3 20.6 80.45 21.95 q 81.6 23.3 83.4 23.4 q 85.2 23.55 86.55 22.4 c
f #63bf79 1 m 87.1 16.75 q 86.85 16.4 86.55 16.1 q 85.75 15.3 84.55 14.95 q 84.45 14.95 84.35 14.9 q 83.25 14.75 82.25 15.1 q 81.65 15.3 81.05 15.75 q 80.6 16.1 80.3 16.5 q 79.5 17.45 79.4 18.8 q 79.35 19.75 79.7 20.65 q 79.95 21.4 80.25 21.65 q 80.3 21.75 80.45 21.85 q 81.35 22.75 83.15 22.65 q 84.35 22.6 85.4 22.2 q 85.95 22 86.4 21.7 q 86.95 21.35 87.25 21 q 87.9 20.35 87.95 19.5 q 88 18.7 87.6 18.05 q 87.5 17.35 87.1 16.75 c
f #63bf79 1 m 87.25 17.65 q 87.15 17.25 86.9 16.9 q 86.35 15.85 85.15 15.25 q 85.05 15.2 84.95 15.15 q 83.85 14.75 82.7 15 q 82 15.15 81.35 15.55 q 80.85 15.85 80.45 16.3 q 79.5 17.3 79.4 18.75 l 79.4 18.8 q 79.35 19.7 79.8 20.75 q 80.2 21.85 80.3 21.7 l 80.4 21.65 q 80.9 21.6 82.6 21.1 q 83.8 20.75 84.95 20.5 q 85.6 20.35 86.15 20.25 q 86.7 20.1 87.1 20 q 87.8 19.8 87.8 19.55 q 87.8 19.25 87.35 19.1 q 87.45 18.3 87.25 17.65 c
f #63bf79 1 m 87.75 19.6 q 87.75 19.5 87.2 19.5 q 87.2 19.55 87.2 19.6 q 87.7 19.5 87.75 19.6 c f #63bf79 1 m 87.35 18.1 q 87.3 17.65 87.1 17.3 q 86.65 16.1 85.45 15.4 q 85.35 15.35 85.25 15.3 q 84.15 14.75 82.95 14.95 q 82.15 15.05 81.5 15.45 q 80.95 15.75 80.5 16.2 q 79.5 17.25 79.4 18.75 l 79.4 18.8 q 79.35 19.65 79.85 20.8 q 80.3 22.1 80.3 21.7 q 80.3 21.65 80.35 21.55 q 80.7 21 82.35 20.35 q 83.5 19.85 84.75 19.65 q 85.45 19.55 86 19.5 q 86.6 19.45 87 19.5 q 87.1 19.5 87.2 19.5 q 87.4 18.75 87.35 18.1 c
f #63bf79 1 m 87.65 19.6 q 87.7 19.35 87.35 19.15 q 87.3 19.6 87.1 20.15 q 87.65 19.8 87.65 19.6 c f #63bf79 1 m 87.4 18.55 q 87.4 18.1 87.25 17.7 q 86.95 16.4 85.8 15.55 q 85.7 15.45 85.6 15.4 q 84.5 14.8 83.15 14.85 q 82.35 14.95 81.6 15.35 q 81.05 15.65 80.6 16.1 q 79.55 17.15 79.4 18.7 l 79.4 18.75 q 79.4 19.65 79.85 20.9 q 80.45 22.3 80.35 21.75 q 80.35 21.6 80.35 21.5 q 80.45 20.45 82.1 19.6 q 83.25 18.95 84.55 18.75 q 85.25 18.7 85.9 18.8 q 86.45 18.85 86.9 18.95 q 87.15 19.05 87.35 19.15 q 87.4 18.8 87.4 18.55 c
f #63bf79 1 m 86.95 20.65 q 87.55 20.05 87.6 19.65 q 87.6 19.3 87.5 19.05 q 87.4 19.75 86.95 20.65 c f #63bf79 1 m 87.45 18.1 q 87.25 16.65 86.1 15.7 q 86 15.6 85.9 15.55 q 84.8 14.8 83.4 14.8 q 82.5 14.85 81.75 15.25 q 81.15 15.55 80.65 16 q 79.55 17.1 79.4 18.7 l 79.4 18.75 q 79.4 19.6 79.9 20.95 q 80.55 22.55 80.35 21.75 q 80.35 21.55 80.3 21.4 q 80.25 19.85 81.85 18.85 q 82.95 18.05 84.35 17.9 q 85.1 17.9 85.75 18.05 q 86.35 18.2 86.8 18.45 q 87.3 18.7 87.5 19.05 q 87.45 19 87.5 19 q 87.55 18.5 87.45 18.1 c
f #63bf79 1 m 86.8 21.2 q 87.45 20.35 87.55 19.7 q 87.55 19.65 87.55 19.6 q 87.3 20.3 86.8 21.2 c f #63bf79 1 m 86.4 15.85 q 86.3 15.75 86.2 15.65 q 85.1 14.8 83.6 14.75 q 82.7 14.8 81.9 15.15 q 81.3 15.4 80.75 15.9 q 79.55 17 79.4 18.7 l 79.4 18.75 q 79.4 19.6 79.95 21 q 80.65 22.8 80.4 21.75 q 80.35 21.55 80.3 21.3 q 80 19.3 81.55 18.05 q 82.7 17.1 84.1 17.05 q 84.95 17.1 85.6 17.35 q 86.25 17.55 86.75 17.95 q 87.6 18.65 87.55 19.6 q 87.55 19.5 87.6 19.45 q 87.7 18.95 87.65 18.5 q 87.55 16.95 86.4 15.85 c
f #63bf79 1 m 86.7 16 q 86.6 15.85 86.5 15.8 q 85.4 14.8 83.85 14.7 q 82.85 14.7 82.05 15.05 q 81.4 15.3 80.8 15.8 q 79.55 16.95 79.4 18.65 l 79.4 18.75 q 79.4 19.55 80 21.05 q 80.8 23 80.4 21.8 q 80.35 21.5 80.25 21.2 q 79.8 18.7 81.3 17.3 q 82.4 16.2 83.9 16.2 q 84.75 16.25 85.5 16.6 q 86.1 16.95 86.65 17.45 q 87.6 18.4 87.45 19.7 q 87.35 20.6 86.7 21.7 q 87.4 20.7 87.65 19.9 q 87.85 19.35 87.8 18.9 q 87.85 17.2 86.7 16 c
f #d64095 1 m 217.85 118.1 q 217.85 112.3 213.75 108.15 q 209.65 104.1 203.85 104.1 q 198.05 104.1 193.95 108.15 q 189.85 112.3 189.85 118.1 q 189.85 123.9 193.95 127.95 q 198.05 132.1 203.85 132.1 q 209.65 132.1 213.75 127.95 q 217.85 123.9 217.85 118.1 c
f #d64095 1 m 213.7 112.4 q 209.6 110.3 203.8 110.55 q 198 110.8 193.9 113.25 q 189.85 115.75 189.85 119.05 q 189.9 122.35 194 124.4 q 198.1 126.6 203.9 126.4 q 209.7 126.15 213.75 123.55 q 217.85 121.15 217.8 117.85 q 217.8 114.55 213.7 112.4 c
f #d64095 1 m 213.65 114.8 q 209.55 113.8 203.75 114.2 q 197.95 114.6 193.85 116.15 q 189.85 117.7 189.9 119.6 q 189.95 121.45 194.05 122.4 q 198.15 123.5 203.95 123.15 q 209.75 122.75 213.8 121.1 q 217.8 119.6 217.75 117.7 q 217.75 115.85 213.65 114.8 c
f #d64095 1 m 213.6 116.05 q 209.5 115.65 203.75 116.1 q 197.95 116.55 193.85 117.65 q 189.85 118.7 189.9 119.85 q 189.95 121 194.05 121.4 q 198.2 121.9 204 121.45 q 209.75 121 213.8 119.8 q 217.8 118.8 217.75 117.65 q 217.7 116.5 213.6 116.05 c
f #d64095 1 m 213.6 116.65 q 209.5 116.45 203.75 116.95 q 197.95 117.4 193.85 118.3 q 189.85 119.2 189.9 120 q 189.95 120.8 194.05 120.95 q 198.2 121.2 204 120.7 q 209.75 120.25 213.8 119.25 q 217.8 118.45 217.75 117.6 q 217.7 116.8 213.6 116.65 c
f #d64095 1 m 129.55 119.05 q 129.6 115.75 125.5 113.25 q 121.45 110.8 115.65 110.55 q 109.85 110.3 105.75 112.4 q 101.6 114.55 101.6 117.85 q 101.6 121.15 105.65 123.55 q 109.75 126.1 115.5 126.4 q 121.3 126.6 125.4 124.4 q 129.55 122.35 129.55 119.05 c
f #d64095 1 m 129.5 119.6 q 129.55 117.7 125.5 116.15 q 121.5 114.6 115.7 114.2 q 109.9 113.8 105.8 114.8 q 101.65 115.85 101.6 117.7 q 101.55 119.6 105.6 121.1 q 109.7 122.7 115.45 123.15 q 121.25 123.5 125.35 122.4 q 129.5 121.45 129.5 119.6 c
f #d64095 1 m 129.5 119.85 q 129.55 118.7 125.5 117.65 q 121.5 116.55 115.7 116.1 q 109.95 115.6 105.8 116.05 q 101.65 116.5 101.6 117.65 q 101.55 118.8 105.6 119.8 q 109.65 120.95 115.4 121.45 q 121.2 121.9 125.3 121.4 q 129.45 121 129.5 119.85 c
f #d64095 1 m 129.5 120 q 129.55 119.2 125.5 118.3 q 121.5 117.4 115.7 116.95 q 109.95 116.4 105.8 116.65 q 101.65 116.8 101.6 117.6 q 101.55 118.45 105.6 119.25 q 109.65 120.2 115.4 120.7 q 121.2 121.2 125.3 120.95 q 129.45 120.8 129.5 120 c