f #231f30 1 m 49.75 8.75 q 47.75 8.75 46.25 10.2 q 44.85 11.65 44.85 13.7 q 44.85 14.8 45.3 14.85 q 45.7 14.95 45.7 13.7 q 45.7 9.7 49.6 9.7 q 51.5 9.7 52.65 10.65 q 53.85 11.6 53.8 13.25 q 53.75 14.9 54.25 14.85 q 54.7 14.85 54.7 13.7 q 54.7 11.65 53.25 10.2 q 51.8 8.75 49.75 8.75 c
f #231f30 1 m 53.9 11.05 q 53.6 10.55 53.15 10.15 q 51.95 8.95 50.4 8.8 q 50.05 8.75 49.65 8.75 q 47.9 8.8 46.5 9.95 q 46.35 10.1 46.25 10.25 q 44.85 11.7 44.85 13.7 q 44.85 14.75 45.25 14.85 q 45.65 15.05 45.7 14 q 45.7 13.3 45.95 12.75 q 46.65 11.05 49.2 10.8 q 49.45 10.8 49.7 10.8 q 51.55 10.8 52.7 11.5 q 52.8 11.5 52.85 11.55 q 53.9 12.25 53.9 13.45 q 53.85 14.5 54.15 14.6 q 54.2 14.7 54.3 14.7 q 54.7 14.65 54.7 13.55 q 54.65 12.1 53.9 11.05 c
f #231f30 1 m 53.8 10.9 q 53.5 10.45 53.1 10.05 q 51.9 8.95 50.3 8.8 q 49.95 8.75 49.6 8.75 q 47.85 8.8 46.5 10 q 46.35 10.15 46.2 10.3 q 44.85 11.7 44.85 13.7 q 44.85 14.7 45.25 14.9 q 45.6 15.1 45.65 14.3 q 45.75 13.8 46 13.35 q 46.8 12.15 49.25 11.95 q 49.55 11.95 49.8 11.95 q 51.6 11.9 52.75 12.3 q 52.85 12.35 52.9 12.35 q 53.95 12.85 54 13.7 q 54 14.45 54.2 14.5 q 54.3 14.55 54.35 14.55 q 54.7 14.4 54.65 13.4 q 54.6 12 53.8 10.9 c
f #231f30 1 m 53.7 10.8 q 53.4 10.35 53 10 q 51.8 8.9 50.2 8.8 q 49.85 8.75 49.5 8.75 q 47.75 8.85 46.45 10 q 46.3 10.15 46.2 10.3 q 44.85 11.75 44.85 13.7 q 44.85 14.65 45.2 14.9 q 45.5 15.2 45.65 14.6 q 45.75 14.25 46.05 14 q 46.95 13.2 49.35 13.05 q 49.6 13.05 49.9 13.05 q 51.65 13 52.8 13.15 q 52.9 13.15 52.95 13.15 q 54 13.4 54.1 13.9 q 54.1 14.45 54.3 14.35 q 54.35 14.4 54.4 14.4 q 54.7 14.2 54.65 13.25 q 54.55 11.85 53.7 10.8 c
f #231f30 1 m 53.65 10.7 q 53.3 10.25 52.9 9.9 q 51.7 8.9 50.15 8.8 q 49.8 8.75 49.4 8.8 q 47.7 8.9 46.4 10.05 q 46.3 10.2 46.15 10.35 q 44.85 11.75 44.85 13.7 q 44.85 14.6 45.2 14.95 q 45.45 15.3 45.6 14.95 q 45.75 14.75 46.1 14.65 q 47.15 14.3 49.45 14.2 q 49.7 14.2 50 14.15 q 51.7 14.1 52.9 14 q 53 14 53.05 13.95 q 54.05 13.95 54.2 14.1 q 54.25 14.45 54.4 14.25 q 54.45 14.3 54.5 14.3 q 54.7 13.95 54.65 13.1 q 54.5 11.75 53.65 10.7 c
f #231f30 1 m 53.55 10.55 q 53.2 10.15 52.8 9.85 q 51.6 8.85 50.05 8.75 q 49.7 8.75 49.3 8.8 q 47.65 8.9 46.35 10.1 q 46.25 10.25 46.15 10.4 q 44.85 11.8 44.85 13.7 q 44.85 14.55 45.15 14.95 q 45.4 15.35 45.6 15.25 q 45.75 15.25 46.1 15.25 q 47.3 15.4 49.5 15.3 q 49.8 15.3 50.05 15.25 q 51.75 15.15 52.95 14.8 q 53.05 14.8 53.1 14.75 q 54.05 14.5 54.25 14.3 q 54.35 14.4 54.45 14.1 q 54.5 14.15 54.55 14.15 q 54.7 13.75 54.6 12.9 q 54.4 11.6 53.55 10.55 c
f #231f30 1 m 53.45 10.45 q 53.1 10.05 52.75 9.75 q 51.55 8.8 49.95 8.75 q 49.6 8.75 49.25 8.8 q 47.6 8.95 46.35 10.15 q 46.2 10.3 46.1 10.45 q 44.85 11.8 44.85 13.7 q 44.85 14.5 45.1 14.95 q 45.35 15.45 45.55 15.55 q 45.8 15.75 46.15 15.9 q 47.45 16.5 49.6 16.4 q 49.9 16.4 50.15 16.4 q 51.8 16.25 53 15.65 q 53.1 15.6 53.15 15.55 q 54.1 15.1 54.35 14.55 q 54.45 14.4 54.55 13.95 q 54.55 14 54.6 14 q 54.7 13.5 54.6 12.75 q 54.35 11.45 53.45 10.45 c
f #231f30 1 m 53.35 10.3 q 53 9.95 52.65 9.7 q 51.45 8.8 49.85 8.75 q 49.5 8.75 49.15 8.8 q 47.5 8.95 46.3 10.15 q 46.2 10.3 46.1 10.45 q 44.85 11.85 44.85 13.7 q 44.85 14.45 45.1 15 q 45.25 15.5 45.55 15.85 q 45.8 16.2 46.2 16.5 q 47.6 17.55 49.65 17.55 q 49.95 17.55 50.25 17.5 q 51.85 17.35 53.05 16.45 q 53.15 16.45 53.2 16.35 q 54.15 15.65 54.45 14.75 q 54.6 14.35 54.6 13.85 l 54.65 13.85 q 54.7 13.3 54.55 12.6 q 54.3 11.35 53.35 10.3 c
f #231f30 1 m 54.7 13.7 q 54.7 11.65 53.25 10.2 q 51.8 8.75 49.75 8.75 q 47.75 8.75 46.25 10.2 q 44.85 11.65 44.85 13.7 q 44.85 15.75 46.25 17.15 q 47.75 18.65 49.75 18.65 q 51.8 18.65 53.25 17.15 q 54.7 15.75 54.7 13.7 c
f #231f30 1 m 53.35 10.3 q 53 9.95 52.65 9.65 q 51.45 8.8 49.85 8.75 q 49.5 8.75 49.15 8.8 q 47.5 8.95 46.3 10.15 q 46.2 10.3 46.05 10.45 q 44.85 11.85 44.85 13.7 q 44.85 14.45 45.1 15 q 45.25 15.55 45.5 15.9 q 45.8 16.25 46.2 16.6 q 47.6 17.7 49.7 17.65 q 49.95 17.65 50.25 17.6 q 51.85 17.5 53.05 16.55 q 53.15 16.5 53.2 16.45 q 54.15 15.7 54.45 14.75 q 54.6 14.35 54.65 13.8 q 54.65 13.2 54.55 12.6 q 54.3 11.3 53.35 10.3 c
f #231f30 1 m 53.5 10.5 q 53.15 10.1 52.8 9.8 q 51.6 8.85 50 8.75 q 49.65 8.75 49.3 8.8 q 47.6 8.9 46.35 10.1 q 46.25 10.25 46.1 10.4 q 44.85 11.8 44.85 13.7 q 44.85 14.55 45.15 14.95 q 45.35 15.4 45.55 15.35 q 45.75 15.4 46.15 15.45 q 47.35 15.75 49.55 15.65 q 49.8 15.65 50.1 15.65 q 51.75 15.55 52.95 15.1 q 53.05 15.05 53.1 15 q 54.1 14.7 54.3 14.4 q 54.4 14.4 54.5 14.05 q 54.5 14.1 54.55 14.1 q 54.7 13.65 54.6 12.85 q 54.4 11.55 53.5 10.5 c
f #231f30 1 m 53.6 10.6 q 53.25 10.2 52.85 9.85 q 51.65 8.85 50.1 8.75 q 49.75 8.75 49.35 8.8 q 47.65 8.9 46.4 10.05 q 46.25 10.2 46.15 10.35 q 44.85 11.75 44.85 13.7 q 44.85 14.6 45.15 14.95 q 45.4 15.3 45.6 15.05 q 45.75 14.95 46.1 14.9 q 47.2 14.8 49.45 14.65 q 49.75 14.65 50 14.65 q 51.7 14.55 52.9 14.35 q 53 14.35 53.05 14.3 q 54.05 14.2 54.2 14.2 q 54.3 14.4 54.4 14.15 q 54.45 14.2 54.5 14.2 q 54.7 13.85 54.6 13 q 54.45 11.65 53.6 10.6 c
f #231f30 1 m 53.65 10.75 q 53.35 10.3 52.95 9.95 q 51.75 8.9 50.15 8.8 q 49.8 8.75 49.45 8.75 q 47.75 8.85 46.4 10.05 q 46.3 10.2 46.15 10.35 q 44.85 11.75 44.85 13.7 q 44.85 14.6 45.2 14.9 q 45.5 15.25 45.6 14.8 q 45.75 14.55 46.05 14.35 q 47.05 13.8 49.4 13.7 q 49.65 13.7 49.95 13.65 q 51.7 13.6 52.85 13.6 q 52.95 13.6 53 13.6 q 54 13.7 54.15 14 q 54.15 14.45 54.35 14.3 q 54.4 14.35 54.45 14.35 q 54.7 14.05 54.65 13.15 q 54.5 11.8 53.65 10.75 c
f #231f30 1 m 53.5 10.5 q 53.15 10.1 52.8 9.8 q 51.6 8.85 50 8.75 q 49.65 8.75 49.3 8.8 q 47.6 8.9 46.35 10.1 q 46.25 10.25 46.1 10.4 q 44.85 11.8 44.85 13.7 q 44.85 14.55 45.15 14.95 q 45.35 15.4 45.55 15.35 q 45.75 15.4 46.15 15.45 q 47.35 15.75 49.55 15.65 q 49.8 15.65 50.1 15.65 q 51.75 15.55 52.95 15.1 q 53.05 15.05 53.1 15 q 54.1 14.7 54.3 14.4 q 54.4 14.4 54.5 14.05 q 54.5 14.1 54.55 14.1 q 54.7 13.65 54.6 12.85 q 54.4 11.55 53.5 10.5 c
f 0 0 s 5.15 #063 1 m -4.8 -62.4 l -24 124
f 0 0 s 5.15 #063 1 m -24 124 l -4.8 -63.2
f 0 0 s 5.15 #063 1 m -24 124 l -4.8 -64.25
f 0 0 s 5.15 #063 1 m -24 123.95 l -4.8 -65.65
f 0 0 s 5.15 #063 1 m -24 123.95 l -4.8 -67.55
f 0 0 s 5.15 #063 1 m -24 123.9 l -4.8 -69.8
f 0 0 s 5.15 #063 1 m -24 123.85 l -4.8 -72.55
f 0 0 s 5.15 #063 1 m -24 123.8 l -4.8 -75.7
f 0 0 s 5.15 #063 1 m -24 123.75 l -4.8 -79.35
f 0 0 s 5.15 #063 1 m -24 123.7 l -4.8 -83.4
f 0 0 s 5.15 #063 1 m -24 123.65 l -4.8 -87.9
f 0 0 s 5.15 #063 1 m -24 123.6 l -4.8 -92.85
f 0 0 s 5.15 #063 1 m -24 123.5 l -4.8 -98.3
f 0 0 s 5.15 #063 1 m -24 123.45 l -4.8 -104.15
f 0 0 s 5.15 #063 1 m -24 123.35 l -4.8 -110.5
f 0 0 s 5.15 #063 1 m -24 123.25 l -4.8 -117.25
f 0 0 s 5.15 #063 1 m -24 123.15 l -4.8 -124.5
f 0 0 s 5.15 #063 1 m -24 123.05 l -4.8 -132.15
f 0 0 s 5.15 #063 1 m -24 122.95 l -4.8 -140.25
f 0 0 s 5.15 #063 1 m -24 122.85 l -4.8 -148.75
f 0 0 s 5.15 #063 1 m -24 122.7 l -4.8 -157.7
f 0 0 s 5.15 #063 1 m -24 122.6 l -4.8 -167
f 0 0 s 5.15 #063 1 m -24 122.45 l -4.8 -176.7
f 0 0 s 5.15 #063 1 m -24 122.35 l -4.8 -186.7
f 0 0 s 5.15 #063 1 m -24 122.2 l -4.8 -197.05
f 0 0 s 5.15 #063 1 m -24 122.05 l -4.8 -207.65
f 0 0 s 5.15 #063 1 m -24 121.9 l -4.8 -218.5
f 0 0 s 5.15 #063 1 m -24 121.75 l -4.8 -229.55
f 0 0 s 5.15 #063 1 m -4.8 -240.75 l -24 121.6
f 0 0 s 5.15 #063 1 m -24 121.6 l -4.8 -239
f 0 0 s 5.15 #063 1 m -24 121.65 l -4.8 -236.7
f 0 0 s 5.15 #063 1 m -24 121.7 l -4.8 -233.55
f 0 0 s 5.15 #063 1 m -24 121.7 l -4.8 -231.95
f 0 0 s 5.15 #063 1 m -24 121.8 l -4.8 -227.2
f 0 0 s 5.15 #063 1 m -24 121.85 l -4.8 -221.3
f 0 0 s 5.15 #063 1 m -24 121.95 l -4.8 -214.45
f 0 0 s 5.15 #063 1 m -24 122.3 l -4.8 -188.5
f 0 0 s 5.15 #063 1 m -24 122.45 l -4.8 -178.25
f 0 0 s 5.15 #063 1 m -24 122.75 l -4.8 -155.6
f 0 0 s 5.15 #063 1 m -24 122.9 l -4.8 -143.35
f 0 0 s 5.15 #063 1 m -24 123.1 l -4.8 -130.65
f 0 0 s 5.15 #063 1 m -24 123.6 l -4.8 -90.3
f 0 0 s 5.15 #063 1 m -24 123.95 l -4.8 -66.4
f 0 0 s 5.15 #063 1 m -24 123.85 l -4.8 -73.65
f 0 0 s 5.15 #063 1 m -24 123.8 l -4.8 -78.3
f 0 0 s 5.15 #063 1 m -203.2 13.6 q -186.45 39.2 -181.15 69 q -175.9 98.85 -175.2 124
f 0 0 s 5.15 #063 1 m -203.25 13.4 q -193.5 28.35 -187.6 44.75 q -183.35 56.45 -181.15 68.9 q -180.75 71.15 -180.4 73.4 q -177.9 88.55 -176.55 102.4 q -175.5 113.6 -175.2 124
f 0 0 s 5.15 #063 1 m -203.45 12.9 q -193.65 27.8 -187.7 44.35 q -183.45 56.15 -181.2 68.65 q -180.8 70.9 -180.45 73.2 q -177.95 88.35 -176.55 102.3 q -175.5 113.6 -175.2 124
f 0 0 s 5.15 #063 1 m -203.7 12 q -193.9 26.95 -187.85 43.7 q -183.55 55.6 -181.3 68.2 q -180.9 70.5 -180.55 72.75 q -178 88 -176.6 102.15 q -175.5 113.55 -175.2 124
f 0 0 s 5.15 #063 1 m -204.15 10.7 q -194.25 25.7 -188.05 42.8 q -183.75 54.9 -181.45 67.6 q -181 69.9 -180.65 72.2 q -178.05 87.55 -176.65 101.9 q -175.5 113.5 -175.2 124
f 0 0 s 5.15 #063 1 m -204.65 9.05 q -194.7 24.1 -188.35 41.65 q -183.95 53.95 -181.6 66.75 q -181.2 69.1 -180.8 71.45 q -178.15 86.95 -176.65 101.6 q -175.5 113.45 -175.2 124
f 0 0 s 5.15 #063 1 m -205.35 7 q -195.25 22.15 -188.7 40.2 q -184.2 52.75 -181.8 65.75 q -181.35 68.15 -181 70.5 q -178.3 86.25 -176.75 101.2 q -175.5 113.4 -175.2 124
f 0 0 s 5.15 #063 1 m -206.1 4.55 q -195.9 19.8 -189.15 38.5 q -184.5 51.4 -182.05 64.55 q -181.6 67 -181.2 69.4 q -178.4 85.35 -176.8 100.75 q -175.5 113.3 -175.2 124
f 0 0 s 5.15 #063 1 m -207.05 1.7 q -196.65 17.1 -189.65 36.5 q -184.9 49.75 -182.35 63.15 q -181.85 65.65 -181.45 68.15 q -178.6 84.35 -176.85 100.25 q -175.5 113.25 -175.2 124
f 0 0 s 5.15 #063 1 m -208.05 -1.5 q -197.55 14 -190.25 34.25 q -185.3 47.9 -182.65 61.6 q -182.15 64.15 -181.7 66.65 q -178.75 83.2 -176.95 99.6 q -175.5 113.15 -175.2 124
f 0 0 s 5.15 #063 1 m -209.25 -5.15 q -198.5 10.5 -190.85 31.7 q -185.8 45.85 -183 59.8 q -182.5 62.45 -182.05 65 q -178.95 81.9 -177.05 98.95 q -175.5 113 -175.2 124
f 0 0 s 5.15 #063 1 m -210.55 -9.2 q -199.6 6.65 -191.6 28.85 q -186.3 43.55 -183.45 57.85 q -182.85 60.55 -182.4 63.2 q -179.2 80.45 -177.15 98.2 q -175.5 112.9 -175.2 124
f 0 0 s 5.15 #063 1 m -211.95 -13.65 q -200.8 2.35 -192.4 25.7 q -186.9 41 -183.85 55.65 q -183.3 58.45 -182.8 61.2 q -179.45 78.85 -177.3 97.35 q -175.5 112.75 -175.2 124
f 0 0 s 5.15 #063 1 m -213.55 -18.45 q -202.1 -2.25 -193.25 22.35 q -187.5 38.25 -184.35 53.3 q -183.75 56.2 -183.2 59 q -179.7 77.1 -177.4 96.45 q -175.5 112.6 -175.2 124
f 0 0 s 5.15 #063 1 m -215.2 -23.7 q -203.55 -7.3 -194.15 18.65 q -188.2 35.25 -184.9 50.7 q -184.25 53.7 -183.65 56.65 q -180 75.25 -177.55 95.45 q -175.55 112.45 -175.2 124
f 0 0 s 5.15 #063 1 m -217 -29.3 q -205.05 -12.65 -195.15 14.75 q -188.9 32.05 -185.45 48 q -184.75 51.1 -184.15 54.1 q -180.35 73.25 -177.7 94.4 q -175.55 112.25 -175.2 124
f 0 0 s 5.15 #063 1 m -218.95 -35.25 q -206.65 -18.35 -196.2 10.55 q -189.7 28.65 -186.05 45.05 q -185.3 48.3 -184.7 51.4 q -180.7 71.1 -177.9 93.3 q -175.55 112.1 -175.2 124
f 0 0 s 5.15 #063 1 m -220.95 -41.55 q -208.35 -24.4 -197.35 6.1 q -190.5 25.05 -186.65 41.95 q -185.9 45.3 -185.25 48.55 q -181.05 68.85 -178.05 92.15 q -175.55 111.9 -175.2 124
f 0 0 s 5.15 #063 1 m -223.1 -48.2 q -210.15 -30.8 -198.5 1.45 q -191.35 21.25 -187.3 38.7 q -186.5 42.2 -185.8 45.55 q -181.4 66.45 -178.25 90.9 q -175.55 111.7 -175.2 124
f 0 0 s 5.15 #063 1 m -225.35 -55.1 q -212.05 -37.4 -199.75 -3.4 q -192.25 17.3 -188 35.3 q -187.15 38.95 -186.4 42.45 q -181.8 63.95 -178.4 89.6 q -175.55 111.45 -175.2 124
f 0 0 s 5.15 #063 1 m -227.65 -62.3 q -213.95 -44.3 -201 -8.45 q -193.2 13.2 -188.75 31.8 q -187.8 35.6 -187.05 39.2 q -182.2 61.4 -178.6 88.25 q -175.55 111.25 -175.2 124
f 0 0 s 5.15 #063 1 m -230 -69.65 q -215.95 -51.4 -202.3 -13.65 q -194.15 9 -189.45 28.2 q -188.5 32.1 -187.7 35.85 q -182.65 58.75 -178.8 86.85 q -175.55 111 -175.2 124
f 0 0 s 5.15 #063 1 m -232.45 -77.2 q -218 -58.6 -203.65 -18.9 q -195.1 4.7 -190.2 24.5 q -189.2 28.6 -188.35 32.45 q -183.05 56.05 -179 85.45 q -175.55 110.8 -175.2 124
f 0 0 s 5.15 #063 1 m -234.9 -84.85 q -220.05 -65.95 -205 -24.3 q -196.1 0.3 -191 20.75 q -189.95 25 -189 29 q -183.5 53.3 -179.25 84.05 q -175.55 110.55 -175.2 124
f 0 0 s 5.15 #063 1 m -237.35 -92.5 q -222.15 -73.25 -206.35 -29.65 q -197.1 -4.05 -191.75 17 q -190.65 21.4 -189.7 25.55 q -183.95 50.6 -179.45 82.6 q -175.55 110.3 -175.2 124
f 0 0 s 5.15 #063 1 m -239.8 -100.05 q -224.2 -80.55 -207.7 -35 q -198.1 -8.4 -192.5 13.3 q -191.35 17.8 -190.35 22.1 q -184.35 47.85 -179.65 81.2 q -175.6 110.05 -175.2 124
f 0 0 s 5.15 #063 1 m -242.2 -107.5 q -226.2 -87.7 -209 -40.2 q -199.05 -12.65 -193.25 9.65 q -192.05 14.3 -191 18.75 q -184.8 45.2 -179.85 79.8 q -175.6 109.85 -175.2 124
f 0 0 s 5.15 #063 1 m -244.55 -114.75 q -228.15 -94.6 -210.3 -45.3 q -200 -16.75 -193.95 6.1 q -192.7 10.95 -191.65 15.5 q -185.2 42.6 -180.05 78.45 q -175.6 109.6 -175.2 124
f 0 0 s 5.15 #063 1 m -246.75 -121.6 q -230 -101.2 -211.5 -50.1 q -200.85 -20.7 -194.65 2.75 q -193.35 7.7 -192.25 12.4 q -185.6 40.15 -180.25 77.15 q -175.6 109.4 -175.2 124
f 0 0 s 5.15 #063 1 m -248.8 -128 q -231.75 -107.35 -212.65 -54.6 q -199.35 -17.9 -192.8 9.5 q -185.95 37.85 -180.4 75.95 q -175.6 109.25 -175.2 124
f 0 0 s 5.15 #063 1 m -248.3 -126.45 q -231.35 -105.9 -212.4 -53.55 q -201.45 -23.35 -195.15 0.4 q -193.8 5.4 -192.65 10.2 q -185.85 38.4 -180.35 76.2 q -175.6 109.35 -175.2 124
f 0 0 s 5.15 #063 1 m -247.8 -124.95 q -230.95 -104.45 -212.15 -52.5 q -201.25 -22.5 -195 1.15 q -193.65 6.15 -192.55 10.9 q -185.75 38.95 -180.3 76.45 q -175.6 109.35 -175.2 124
f 0 0 s 5.15 #063 1 m -247.35 -123.4 q -230.55 -102.95 -211.9 -51.5 q -201.1 -21.65 -194.85 1.85 q -193.55 6.85 -192.4 11.55 q -185.7 39.5 -180.3 76.7 q -175.6 109.4 -175.2 124
f 0 0 s 5.15 #063 1 m -246.35 -120.35 q -229.7 -100 -211.3 -49.2 q -200.7 -19.95 -194.55 3.35 q -193.25 8.3 -192.15 12.95 q -185.5 40.6 -180.2 77.4 q -175.6 109.45 -175.2 124
f 0 0 s 5.15 #063 1 m -248.7 -127.65 q -231.65 -107 -212.6 -54.35 q -201.65 -24.15 -195.25 -0.2 q -193.9 4.85 -192.75 9.65 q -185.95 38 -180.4 76 q -175.6 109.2 -175.2 124
f 0 0 s 5.15 #063 1 m -245.7 -118.4 q -229.15 -98.15 -210.95 -47.85 q -200.45 -18.85 -194.35 4.3 q -193.05 9.2 -191.95 13.85 q -185.4 41.3 -180.15 77.75 q -175.6 109.5 -175.2 124
f 0 0 s 5.15 #063 1 m -242.65 -108.9 q -226.6 -89 -209.25 -41.2 q -199.2 -13.45 -193.4 8.95 q -192.15 13.7 -191.15 18.15 q -184.85 44.7 -179.9 79.5 q -175.6 109.8 -175.2 124
f 0 0 s 5.15 #063 1 m -240.7 -102.9 q -224.95 -83.25 -208.2 -36.95 q -198.45 -10 -192.8 11.9 q -191.6 16.5 -190.6 20.85 q -184.5 46.85 -179.7 80.65 q -175.6 110 -175.2 124
f 0 0 s 5.15 #063 1 m -238.5 -96.05 q -223.1 -76.7 -207 -32.2 q -197.55 -6.1 -192.1 15.25 q -190.95 19.7 -190 23.95 q -184.15 49.3 -179.55 81.95 q -175.6 110.2 -175.2 124
f 0 0 s 5.15 #063 1 m -236.05 -88.45 q -221.05 -69.4 -205.65 -26.8 q -196.55 -1.75 -191.35 19 q -190.25 23.3 -189.35 27.4 q -183.7 52.05 -179.3 83.35 q -175.55 110.45 -175.2 124
f 0 0 s 5.15 #063 1 m -233.35 -80 q -218.75 -61.3 -204.15 -20.9 q -195.5 3.05 -190.5 23.1 q -189.5 27.25 -188.6 31.2 q -183.2 55.05 -179.1 84.95 q -175.55 110.7 -175.2 124
f 0 0 s 5.15 #063 1 m -230.4 -70.9 q -216.3 -52.55 -202.5 -14.5 q -194.3 8.3 -189.6 27.6 q -188.6 31.55 -187.8 35.3 q -182.7 58.3 -178.85 86.65 q -175.55 111 -175.2 124
f 0 0 s 5.15 #063 1 m -227.25 -61.1 q -213.65 -43.15 -200.8 -7.6 q -193.05 13.9 -188.6 32.4 q -187.7 36.15 -186.95 39.75 q -182.15 61.85 -178.6 88.45 q -175.55 111.3 -175.2 124
f 0 0 s 5.15 #063 1 m -223.9 -50.7 q -210.85 -33.2 -198.95 -0.3 q -191.7 19.8 -187.6 37.5 q -186.75 41 -186.05 44.45 q -181.55 65.55 -178.3 90.4 q -175.55 111.6 -175.2 124
f 0 0 s 5.15 #063 1 m -220.45 -39.9 q -207.95 -22.85 -197.05 7.25 q -190.3 25.95 -186.5 42.75 q -185.75 46.1 -185.1 49.3 q -180.95 69.4 -178 92.45 q -175.55 111.95 -175.2 124
f 0 0 s 5.15 #063 1 m -213.3 -17.7 q -201.9 -1.55 -193.1 22.85 q -187.4 38.65 -184.3 53.65 q -183.65 56.55 -183.15 59.35 q -179.7 77.4 -177.4 96.6 q -175.5 112.65 -175.2 124
f 0 0 s 5.15 #063 1 m -209.75 -6.75 q -198.95 9 -191.15 30.55 q -186 44.95 -183.2 59.05 q -182.65 61.7 -182.2 64.3 q -179.05 81.3 -177.1 98.65 q -175.5 112.95 -175.2 124
f 0 0 s 5.15 #063 1 m -206.35 3.8 q -196.1 19.1 -189.3 37.95 q -184.6 50.95 -182.15 64.2 q -181.65 66.65 -181.25 69.05 q -178.45 85.1 -176.8 100.6 q -175.5 113.3 -175.2 124
f 0 0 s 5.15 #063 1 m -205 8.05 q -194.9 23.2 -188.5 41.05 q -184.1 53.4 -181.7 66.15 q -181.3 68.75 -180.9 71.1 q -178.25 86.6 -176.75 101.35 q -175.5 113.4 -175.2 124
f 0 0 s 5.15 #063 1 m -205.95 5.2 q -195.7 20.45 -189 39 q -184.5 51.7 -182 64.7 q -181.55 67.35 -181.1 69.75 q -178.4 85.6 -176.8 100.85 q -175.5 113.3 -175.2 124
f 0 0 s 5.15 #063 1 m -206.8 2.5 q -196.45 17.85 -189.5 37.05 q -184.8 50.2 -182.25 63.55 q -181.8 66.05 -181.35 68.5 q -178.55 84.6 -176.85 100.35 q -175.5 113.25 -175.2 124
f 0 0 s 5.15 #063 1 m -205.55 6.4 q -195.35 21.6 -188.8 39.85 q -184.35 52.4 -181.85 65.35 q -181.45 67.95 -181 70.3 q -178.3 86 -176.75 101.05 q -175.5 113.35 -175.2 124
f 0 0 s 5.15 #063 1 m -204.35 10.1 q -194.35 25.2 -188.15 42.55 q -183.8 54.6 -181.5 67.2 q -181.1 69.75 -180.7 72.05 q -178.1 87.35 -176.7 101.75 q -175.5 113.45 -175.2 124
f 0 0 s 5.15 #063 1 m 161.4 12.65 q 150 26.7 138.75 51.5 q 130.75 69.05 127.3 80.8 q 122.5 96.9 120.25 111.25 q 119.75 114.45 118.6 125.4
f 0 0 s 5.15 #063 1 m 118.65 125.35 q 119.85 113.95 120.35 110.6 q 122.7 95.65 127.7 78.9 q 131.3 66.65 139.65 48.35 q 151.35 22.5 163.25 7.9
f 0 0 s 5.15 #063 1 m 118.7 125.3 q 119.95 113.45 120.5 109.95 q 122.9 94.4 128.15 76.95 q 131.85 64.25 140.55 45.2 q 152.75 18.35 165.1 3.1
f 0 0 s 5.15 #063 1 m 118.75 125.25 q 120.05 112.9 120.6 109.35 q 123.15 93.15 128.55 75.05 q 132.45 61.8 141.45 42.1 q 154.1 14.15 166.95 -1.65
f 0 0 s 5.15 #063 1 m 118.8 125.2 q 120.15 112.4 120.7 108.7 q 123.35 91.95 128.95 73.15 q 133 59.4 142.35 38.95 q 155.5 10 168.8 -6.4
f 0 0 s 5.15 #063 1 m 118.85 125.15 q 120.25 111.9 120.85 108.05 q 123.55 90.7 129.35 71.2 q 133.55 57 143.25 35.8 q 156.85 5.8 170.7 -11.2
f 0 0 s 5.15 #063 1 m 118.9 125.1 q 120.35 111.4 120.95 107.4 q 123.75 89.45 129.8 69.3 q 134.1 54.6 144.15 32.65 q 158.25 1.6 172.55 -15.95
f 0 0 s 5.15 #063 1 m 118.95 125.05 q 120.45 110.9 121.05 106.75 q 124 88.2 130.2 67.4 q 134.7 52.2 145.05 29.5 q 159.6 -2.55 174.4 -20.7
f 0 0 s 5.15 #063 1 m 119 125 q 120.5 110.4 121.2 106.15 q 124.2 86.95 130.6 65.5 q 135.25 49.8 145.9 26.35 q 161 -6.75 176.25 -25.5
f 0 0 s 5.15 #063 1 m 119.05 124.95 q 120.6 109.85 121.3 105.5 q 124.4 85.7 131 63.55 q 135.8 47.35 146.8 23.25 q 162.35 -10.9 178.1 -30.25
f 0 0 s 5.15 #063 1 m 119.1 124.9 q 120.7 109.35 121.4 104.85 q 124.6 84.45 131.45 61.65 q 136.35 44.95 147.7 20.1 q 163.7 -15.1 179.95 -35
f 0 0 s 5.15 #063 1 m 119.15 124.85 q 120.8 108.85 121.55 104.2 q 124.85 83.25 131.85 59.75 q 136.95 42.55 148.6 16.95 q 165.1 -19.25 181.8 -39.8
f 0 0 s 5.15 #063 1 m 119.2 124.8 q 120.9 108.35 121.65 103.55 q 125.05 82 132.25 57.8 q 137.5 40.15 149.5 13.8 q 166.45 -23.45 183.65 -44.55
f 0 0 s 5.15 #063 1 m 119.25 124.75 q 121 107.85 121.75 102.95 q 125.25 80.75 132.7 55.9 q 138.05 37.75 150.4 10.65 q 167.85 -27.65 185.5 -49.3
f 0 0 s 5.15 #063 1 m 119.3 124.7 q 121.1 107.35 121.9 102.3 q 125.45 79.5 133.1 54 q 138.6 35.35 151.3 7.5 q 169.2 -31.8 187.35 -54.1
f 0 0 s 5.15 #063 1 m 119.3 124.7 q 121.2 106.8 122 101.65 q 125.7 78.25 133.5 52.05 q 139.2 32.9 152.2 4.4 q 170.6 -36 189.25 -58.85
f 0 0 s 5.15 #063 1 m 119.35 124.65 q 121.3 106.3 122.15 101 q 125.9 77 133.9 50.15 q 139.75 30.5 153.1 1.25 q 171.95 -40.15 191.1 -63.65
f 0 0 s 5.15 #063 1 m 119.4 124.6 q 121.4 105.8 122.25 100.4 q 126.1 75.75 134.35 48.25 q 140.3 28.1 154 -1.9 q 173.35 -44.35 192.95 -68.4
f 0 0 s 5.15 #063 1 m 119.45 124.55 q 121.5 105.3 122.35 99.75 q 126.3 74.5 134.75 46.3 q 140.85 25.7 154.9 -5.05 q 174.7 -48.55 194.8 -73.15
f 0 0 s 5.15 #063 1 m 119.5 124.5 q 121.6 104.8 122.5 99.1 q 126.55 73.3 135.15 44.4 q 141.45 23.3 155.8 -8.2 q 176.1 -52.7 196.65 -77.95
f 0 0 s 5.15 #063 1 m 119.55 124.45 q 121.7 104.3 122.6 98.45 q 126.75 72.05 135.6 42.5 q 142 20.9 156.7 -11.35 q 177.45 -56.9 198.5 -82.7
f 0 0 s 5.15 #063 1 m 119.6 124.4 q 121.8 103.75 122.7 97.8 q 126.95 70.8 136 40.55 q 142.55 18.45 157.6 -14.45 q 178.8 -61.05 200.35 -87.45
f 0 0 s 5.15 #063 1 m 119.65 124.35 q 121.85 103.25 122.85 97.2 q 127.15 69.55 136.4 38.65 q 143.1 16.05 158.45 -17.6 q 180.2 -65.25 202.2 -92.25
f 0 0 s 5.15 #063 1 m 119.7 124.3 q 121.95 102.75 122.95 96.55 q 127.4 68.3 136.8 36.75 q 143.7 13.65 159.35 -20.75 q 181.55 -69.4 204.05 -97
f 0 0 s 5.15 #063 1 m 119.75 124.25 q 122.05 102.25 123.05 95.9 q 127.6 67.05 137.25 34.85 q 144.25 11.25 160.25 -23.9 q 182.95 -73.6 205.9 -101.75
f 0 0 s 5.15 #063 1 m 119.8 124.2 q 122.15 101.75 123.2 95.25 q 127.8 65.8 137.65 32.9 q 144.8 8.85 161.15 -27.05 q 184.3 -77.8 207.8 -106.55
f 0 0 s 5.15 #063 1 m 119.85 124.15 q 122.25 101.25 123.3 94.6 q 128 64.6 138.05 31 q 145.35 6.45 162.05 -30.2 q 185.7 -81.95 209.65 -111.3
f 0 0 s 5.15 #063 1 m 119.9 124.1 q 122.35 100.7 123.4 94 q 128.25 63.35 138.45 29.1 q 145.95 4 162.95 -33.3 q 187.05 -86.15 211.5 -116.05
f 0 0 s 5.15 #063 1 m 119.95 124.05 q 122.45 100.2 123.55 93.35 q 128.45 62.1 138.9 27.15 q 146.5 1.6 163.85 -36.45 q 188.45 -90.3 213.35 -120.85
f 0 0 s 5.15 #063 1 m 215.2 -125.6 q 189.8 -94.5 164.75 -39.6 q 147.05 -0.8 139.3 25.25 q 128.65 60.85 123.65 92.7 q 122.55 99.7 120 124
f 0 0 s 5.15 #063 1 m 120 124 q 122.5 99.9 123.6 92.95 q 128.55 61.35 139.15 26 q 146.85 0.15 164.4 -38.35 q 189.25 -92.8 214.45 -123.7
f 0 0 s 5.15 #063 1 m 119.95 124.05 q 122.5 100.05 123.55 93.15 q 128.5 61.7 139 26.6 q 146.65 0.9 164.15 -37.4 q 188.85 -91.6 213.9 -122.3
f 0 0 s 5.15 #063 1 m 119.95 124.05 q 122.45 100.35 123.5 93.5 q 128.4 62.4 138.8 27.65 q 146.35 2.2 163.65 -35.7 q 188.1 -89.3 212.9 -119.65
f 0 0 s 5.15 #063 1 m 119.7 124.3 q 121.9 103.05 122.9 96.9 q 127.25 69 136.6 37.8 q 143.35 14.95 158.9 -19.05 q 180.85 -67.15 203.05 -94.45
f 0 0 s 5.15 #063 1 m 119.45 124.55 q 121.4 105.65 122.3 100.2 q 126.15 75.4 134.45 47.65 q 140.45 27.4 154.25 -2.85 q 173.75 -45.6 193.5 -69.85
f 0 0 s 5.15 #063 1 m 119.35 124.65 q 121.25 106.65 122.05 101.45 q 125.75 77.9 133.65 51.5 q 139.35 32.2 152.45 3.45 q 171 -37.2 189.75 -60.25
f 0 0 s 5.15 #063 1 m 119.25 124.75 q 121 107.75 121.8 102.8 q 125.3 80.55 132.75 55.55 q 138.15 37.3 150.55 10.1 q 168.1 -28.35 185.85 -50.15
f 0 0 s 5.15 #063 1 m 119 125 q 120.6 110.05 121.25 105.7 q 124.35 86.1 130.9 64.15 q 135.65 48.1 146.55 24.2 q 161.95 -9.65 177.55 -28.8
f 0 0 s 5.15 #063 1 m 118.9 125.1 q 120.35 111.2 121 107.15 q 123.85 88.95 129.95 68.5 q 134.35 53.6 144.5 31.35 q 158.8 -0.1 173.3 -17.9
f 0 0 s 5.15 #063 1 m 118.8 125.2 q 120.15 112.35 120.75 108.6 q 123.4 91.7 129 72.8 q 133.1 59 142.5 38.4 q 155.7 9.3 169.1 -7.2
f 0 0 s 5.15 #063 1 m 118.6 125.4 q 119.8 114.25 120.3 111 q 122.6 96.4 127.45 80.05 q 130.95 68.15 139.1 50.3 q 150.5 25.1 162.1 10.85
f 0 0 s 5.15 #063 1 m 118.65 125.35 q 119.8 114.05 120.35 110.75 q 122.65 95.95 127.6 79.35 q 131.2 67.2 139.45 49.1 q 151.05 23.55 162.8 9.05
f 0 0 s 5.15 #063 1 m 118.65 125.35 q 119.85 113.9 120.4 110.55 q 122.75 95.5 127.8 78.65 q 131.4 66.3 139.8 47.95 q 151.55 21.95 163.5 7.25
f 0 0 s 5.15 #063 1 m 118.65 125.35 q 119.9 113.7 120.4 110.3 q 122.85 95 127.95 77.9 q 131.6 65.4 140.1 46.75 q 152.05 20.35 164.2 5.4
f 0 0 s 5.15 #063 1 m 118.7 125.3 q 119.9 113.5 120.45 110.05 q 122.9 94.55 128.1 77.2 q 131.85 64.45 140.45 45.55 q 152.6 18.8 164.9 3.6
f 0 0 s 5.15 #063 1 m 118.7 125.3 q 119.95 113.3 120.5 109.8 q 123 94.05 128.25 76.45 q 132.05 63.55 140.8 44.35 q 153.1 17.2 165.6 1.8