f 0 0 s 6 #503177 1 m -369.95 -10.45 q -371.25 1.25 -373.15 20.55 q -373.3 21.9 -373.45 23.3 q -375.2 40.65 -376.45 51.55
f 0 0 s 6 #503177 1 m -376.45 51.55 q -376.25 48.05 -375.95 43.6 q -375.4 35.05 -374.3 23.65 q -374.05 20.8 -374.05 20.65 q -372.8 7.5 -371.4 -2.05 q -370.8 -6.3 -370.25 -9.7
f 0 0 s 6 #503177 1 m -376.45 51.55 q -376.5 48.2 -376.4 43.75 q -376.25 35.25 -375.25 24 q -375 21.15 -375 21 q -373.7 8 -372.05 -1.45 q -371.25 -5.75 -370.55 -8.95
f 0 0 s 6 #503177 1 m -376.45 51.55 q -376.7 48.4 -376.9 43.9 q -377.15 35.5 -376.15 24.35 q -375.9 21.55 -375.9 21.4 q -374.65 8.5 -372.65 -0.85 q -371.7 -5.15 -370.85 -8.2
f 0 0 s 6 #503177 1 m -376.45 51.55 q -376.95 48.55 -377.35 44.05 q -378 35.7 -377.1 24.7 q -376.85 21.9 -376.85 21.75 q -375.55 9 -373.25 -0.25 q -372.15 -4.55 -371.15 -7.45
f 0 0 s 6 #503177 1 m -376.45 51.55 q -377.2 48.7 -377.8 44.25 q -378.85 35.95 -378 25.1 q -377.75 22.3 -377.75 22.15 q -376.5 9.5 -373.85 0.35 q -372.55 -3.95 -371.45 -6.7
f 0 0 s 6 #503177 1 m -376.45 51.55 q -377.45 48.85 -378.25 44.4 q -379.7 36.2 -378.9 25.45 q -378.65 22.65 -378.65 22.5 q -377.45 9.95 -374.5 0.9 q -373 -3.4 -371.75 -5.95
f 0 0 s 6 #503177 1 m -376.45 51.55 q -377.7 49 -378.7 44.55 q -380.55 36.4 -379.85 25.8 q -379.6 23 -379.6 22.85 q -378.35 10.45 -375.1 1.5 q -373.45 -2.8 -372.05 -5.2
f 0 0 s 6 #503177 1 m -376.45 51.55 q -377.9 49.2 -379.2 44.7 q -381.45 36.65 -380.75 26.15 q -380.5 23.4 -380.5 23.25 q -379.3 10.95 -375.7 2.1 q -373.9 -2.2 -372.35 -4.45
f 0 0 s 6 #503177 1 m -376.45 51.55 q -378.15 49.35 -379.65 44.85 q -382.3 36.85 -381.7 26.5 q -381.45 23.75 -381.45 23.6 q -380.2 11.45 -376.35 2.7 q -374.35 -1.65 -372.65 -3.7
f 0 0 s 6 #503177 1 m -372.95 -2.95 q -374.8 -1.05 -376.95 3.3 q -381.15 11.95 -382.35 24 q -383.55 36.05 -380.1 45 q -378.4 49.5 -376.45 51.55
f 0 0 s 6 #503177 1 m -376.45 51.55 q -378.1 49.3 -379.5 44.8 q -382.05 36.8 -381.45 26.4 q -381.2 23.7 -381.2 23.55 q -380 11.35 -376.2 2.55 q -374.25 -1.8 -372.55 -3.9
f 0 0 s 6 #503177 1 m -376.45 51.55 q -377.8 49.1 -378.95 44.6 q -381 36.55 -380.3 25.95 q -380.05 23.2 -380.05 23.05 q -378.8 10.7 -375.4 1.8 q -373.7 -2.5 -372.2 -4.8
f 0 0 s 6 #503177 1 m -376.45 51.55 q -377.5 48.9 -378.35 44.4 q -379.9 36.25 -379.15 25.5 q -378.9 22.75 -378.9 22.6 q -377.65 10.1 -374.65 1.05 q -373.15 -3.25 -371.8 -5.75
f 0 0 s 6 #503177 1 m -376.45 51.55 q -376.9 48.5 -377.2 44.05 q -377.75 35.65 -376.85 24.65 q -376.6 21.8 -376.6 21.65 q -375.35 8.85 -373.1 -0.4 q -372 -4.7 -371.05 -7.65
f 0 0 s 6 #503177 1 m -376.45 51.55 q -376.6 48.3 -376.65 43.85 q -376.7 35.4 -375.7 24.2 q -375.45 21.35 -375.45 21.2 q -374.15 8.25 -372.35 -1.15 q -371.45 -5.45 -370.7 -8.55
f 0 0 s 6 #503177 1 m -376.45 51.55 q -376.3 48.1 -376.05 43.65 q -375.6 35.1 -374.55 23.75 q -374.3 20.85 -374.3 20.7 q -373 7.6 -371.55 -1.9 q -370.9 -6.15 -370.3 -9.5
f 0 0 s 6 #503177 1 m -376.45 51.55 q -375.8 47.9 -375.05 43.2 q -373.75 34.8 -372.55 23.75 q -372.25 20.7 -372.2 20.4 q -371 7.6 -370.55 -1.7 q -370.35 -6.15 -370.25 -9.7
f 0 0 s 6 #503177 1 m -376.45 51.55 q -375.6 48.1 -374.65 43.45 q -372.95 35.1 -371.7 24.15 q -371.4 21.15 -371.35 20.85 q -370.15 8.15 -370.3 -1.15 q -370.35 -5.6 -370.55 -8.95
f 0 0 s 6 #503177 1 m -376.45 51.55 q -375.4 48.25 -374.2 43.65 q -372.15 35.45 -370.9 24.6 q -370.55 21.55 -370.5 21.25 q -369.3 8.65 -370 -0.55 q -370.35 -5 -370.85 -8.2
f 0 0 s 6 #503177 1 m -376.45 51.55 q -375.2 48.45 -373.8 43.9 q -371.35 35.75 -370.05 25 q -369.7 22 -369.65 21.7 q -368.45 9.2 -369.75 0 q -370.35 -4.45 -371.15 -7.45
f 0 0 s 6 #503177 1 m -376.45 51.55 q -374.95 48.65 -373.35 44.1 q -370.55 36.05 -369.2 25.45 q -368.85 22.45 -368.8 22.15 q -367.6 9.7 -369.45 0.6 q -370.35 -3.85 -371.45 -6.7
f 0 0 s 6 #503177 1 m -376.45 51.55 q -374.75 48.85 -372.95 44.3 q -369.75 36.35 -368.35 25.9 q -368.05 22.9 -368 22.6 q -366.8 10.2 -369.15 1.15 q -370.4 -3.25 -371.75 -5.95
f 0 0 s 6 #503177 1 m -376.45 51.55 q -374.55 49.05 -372.55 44.55 q -368.95 36.65 -367.5 26.3 q -367.2 23.35 -367.15 23.05 q -365.95 10.75 -368.9 1.7 q -370.4 -2.7 -372.05 -5.2
f 0 0 s 6 #503177 1 m -376.45 51.55 q -374.35 49.2 -372.1 44.75 q -368.15 37 -366.7 26.75 q -366.35 23.75 -366.3 23.45 q -365.1 11.25 -368.6 2.3 q -370.4 -2.1 -372.35 -4.45
f 0 0 s 6 #503177 1 m -376.45 51.55 q -374.15 49.4 -371.7 45 q -367.35 37.3 -365.85 27.15 q -365.5 24.2 -365.45 23.9 q -364.25 11.8 -368.35 2.85 q -370.4 -1.55 -372.65 -3.7
f 0 0 s 6 #503177 1 m -372.95 -2.95 q -370.4 -0.95 -368.05 3.45 q -363.4 12.3 -364.6 24.35 q -365.8 36.4 -371.25 45.2 q -373.95 49.6 -376.45 51.55
f 0 0 s 6 #503177 1 m -376.45 51.55 q -374.2 49.35 -371.8 44.95 q -367.55 37.2 -366.05 27.05 q -365.7 24.1 -365.65 23.8 q -364.45 11.65 -368.4 2.75 q -370.4 -1.65 -372.55 -3.9
f 0 0 s 6 #503177 1 m -376.45 51.55 q -374.45 49.15 -372.3 44.65 q -368.55 36.85 -367.1 26.55 q -366.75 23.55 -366.7 23.25 q -365.5 11 -368.75 2 q -370.4 -2.4 -372.2 -4.8
f 0 0 s 6 #503177 1 m -376.45 51.55 q -374.7 48.9 -372.85 44.4 q -369.55 36.45 -368.15 26 q -367.8 23 -367.75 22.7 q -366.55 10.35 -369.1 1.3 q -370.4 -3.1 -371.8 -5.75
f 0 0 s 6 #503177 1 m -376.45 51.55 q -375.25 48.4 -373.9 43.85 q -371.55 35.65 -370.25 24.9 q -369.95 21.9 -369.9 21.6 q -368.7 9.05 -369.8 -0.15 q -370.35 -4.55 -371.05 -7.65
f 0 0 s 6 #503177 1 m -376.45 51.55 q -375.5 48.2 -374.45 43.55 q -372.55 35.3 -371.3 24.4 q -371 21.35 -370.95 21.05 q -369.75 8.4 -370.15 -0.85 q -370.35 -5.3 -370.7 -8.55
f 0 0 s 6 #503177 1 m -376.45 51.55 q -375.75 47.95 -374.95 43.3 q -373.55 34.9 -372.35 23.85 q -372.05 20.8 -372 20.5 q -370.8 7.75 -370.5 -1.6 q -370.35 -6 -370.3 -9.5
f 0 0 s 6 #503177 1 m -433.2 -14.7 q -433.15 -1.75 -433.2 13.25 q -433.3 30.5 -433.2 42.8
f 0 0 s 6 #503177 1 m -433.2 42.8 q -433.5 38.5 -433.7 33.4 q -434.05 25.45 -434.1 15.9 q -434.1 12.4 -434.1 11.25 q -434.05 1.85 -433.65 -6.65 q -433.5 -9.5 -433.35 -12.2 q -433.25 -13.2 -433.2 -14.2
f 0 0 s 6 #503177 1 m -433.2 42.8 q -433.7 38.65 -434.15 33.55 q -434.85 25.6 -434.95 16.2 q -435 12.7 -435 11.55 q -434.95 2.15 -434.1 -6.3 q -433.8 -9.1 -433.5 -11.75 q -433.35 -12.75 -433.2 -13.7
f 0 0 s 6 #503177 1 m -433.2 42.8 q -433.95 38.8 -434.6 33.75 q -435.65 25.8 -435.85 16.5 q -435.9 13.05 -435.9 11.85 q -435.85 2.5 -434.55 -5.95 q -434.15 -8.75 -433.6 -11.3 q -433.4 -12.25 -433.2 -13.2
f 0 0 s 6 #503177 1 m -433.2 42.8 q -434.15 38.95 -435.05 33.9 q -436.45 25.95 -436.75 16.8 q -436.8 13.35 -436.8 12.15 q -436.75 2.8 -435 -5.6 q -434.45 -8.35 -433.75 -10.85 q -433.5 -11.8 -433.2 -12.7
f 0 0 s 6 #503177 1 m -433.2 42.8 q -434.35 39.15 -435.5 34.05 q -437.25 26.15 -437.6 17.15 q -437.7 13.65 -437.7 12.5 q -437.65 3.1 -435.45 -5.2 q -434.75 -7.95 -433.9 -10.35 q -433.55 -11.3 -433.2 -12.2
f 0 0 s 6 #503177 1 m -433.2 42.8 q -434.6 39.3 -435.95 34.2 q -438.1 26.3 -438.5 17.45 q -438.65 13.95 -438.65 12.8 q -438.6 3.4 -435.9 -4.85 q -435.05 -7.55 -434.05 -9.9 q -433.6 -10.8 -433.2 -11.7
f 0 0 s 6 #503177 1 m -433.2 42.8 q -434.8 39.45 -436.4 34.35 q -438.9 26.45 -439.4 17.75 q -439.55 14.25 -439.55 13.1 q -439.5 3.7 -436.35 -4.5 q -435.35 -7.15 -434.2 -9.45 q -433.7 -10.35 -433.2 -11.2
f 0 0 s 6 #503177 1 m -433.2 42.8 q -435.05 39.6 -436.85 34.55 q -439.7 26.65 -440.3 18.05 q -440.45 14.6 -440.45 13.4 q -440.4 4.05 -436.8 -4.15 q -435.7 -6.8 -434.3 -9 q -433.75 -9.85 -433.2 -10.7
f 0 0 s 6 #503177 1 m -433.2 42.8 q -435.25 39.75 -437.3 34.7 q -440.5 26.8 -441.15 18.35 q -441.35 14.9 -441.35 13.7 q -441.3 4.35 -437.25 -3.8 q -436 -6.4 -434.45 -8.55 q -433.85 -9.4 -433.2 -10.2
f 0 0 s 6 #503177 1 m -433.2 -9.7 l -434.6 -8.1 q -436.3 -6 -437.7 -3.45 q -442.2 4.65 -442.25 14 q -442.3 24.8 -437.75 34.85 q -435.5 39.9 -433.2 42.8
f 0 0 s 6 #503177 1 m -433.2 42.8 q -435.2 39.75 -437.2 34.75 q -440.3 26.95 -440.95 18.65 q -441.05 16.6 -441.1 14.6 q -441.05 4.35 -437.15 -3.85 q -435.9 -6.45 -434.4 -8.65 q -433.8 -9.5 -433.2 -10.3
f 0 0 s 6 #503177 1 m -433.2 42.8 q -434.95 39.6 -436.6 34.6 q -439.3 26.9 -439.85 18.45 q -439.95 16.45 -440 14.4 q -439.95 4.1 -436.55 -4.25 q -435.5 -6.9 -434.25 -9.2 q -433.7 -10.1 -433.2 -10.95
f 0 0 s 6 #503177 1 m -433.2 42.8 q -434.65 39.45 -436.05 34.5 q -438.3 26.8 -438.75 18.3 q -438.8 16.25 -438.85 14.2 q -438.8 3.8 -436 -4.65 q -435.15 -7.35 -434.05 -9.75 q -433.65 -10.7 -433.2 -11.55
f 0 0 s 6 #503177 1 m -433.2 42.8 q -434.35 39.3 -435.5 34.4 q -437.25 26.7 -437.6 18.1 q -437.7 16.1 -437.7 14.05 q -437.65 3.55 -435.45 -5 q -434.75 -7.8 -433.9 -10.3 q -433.55 -11.25 -433.2 -12.2
f 0 0 s 6 #503177 1 m -433.2 42.8 q -434.1 39.1 -434.95 34.25 q -436.25 26.6 -436.5 17.95 q -436.55 15.9 -436.6 13.85 q -436.55 3.25 -434.9 -5.4 q -434.35 -8.3 -433.7 -10.9 q -433.45 -11.85 -433.2 -12.8
f 0 0 s 6 #503177 1 m -433.2 42.8 q -433.8 38.95 -434.35 34.15 q -435.25 26.55 -435.4 17.75 q -435.45 15.7 -435.45 13.65 q -435.4 2.95 -434.3 -5.8 q -433.95 -8.75 -433.55 -11.45 q -433.35 -12.45 -433.2 -13.45
f 0 0 s 6 #503177 1 m -433.2 42.8 q -433.55 38.8 -433.8 34 q -434.25 26.45 -434.3 17.6 q -434.3 15.55 -434.35 13.45 q -434.3 2.7 -433.75 -6.2 q -433.6 -9.2 -433.35 -12 q -433.3 -13.05 -433.2 -14.05
f 0 0 s 6 #503177 1 m -433.2 42.8 q -433 38.95 -432.75 34.45 q -432.25 25.1 -432.2 13.5 q -432.15 3.6 -432.7 -5.5 q -432.95 -10.05 -433.2 -14.2
f 0 0 s 6 #503177 1 m -433.2 42.8 q -432.75 39.1 -432.25 34.6 q -431.25 25.25 -431.2 13.8 q -431.15 3.9 -432.2 -5.2 q -432.7 -9.75 -433.2 -13.7
f 0 0 s 6 #503177 1 m -433.2 42.8 q -432.5 39.3 -431.75 34.75 q -430.2 25.45 -430.15 14.05 q -430.1 4.25 -431.7 -4.85 q -432.45 -9.4 -433.2 -13.2
f 0 0 s 6 #503177 1 m -433.2 42.8 q -432.25 39.45 -431.25 34.9 q -429.2 25.6 -429.15 14.35 q -429.1 4.55 -431.2 -4.55 q -432.2 -9.05 -433.2 -12.7
f 0 0 s 6 #503177 1 m -433.2 42.8 q -431.95 39.6 -430.7 35.05 q -428.2 25.8 -428.15 14.6 q -428.1 4.9 -430.65 -4.2 q -431.9 -8.7 -433.2 -12.2
f 0 0 s 6 #503177 1 m -433.2 42.8 q -431.7 39.75 -430.2 35.2 q -427.2 25.95 -427.15 14.85 q -427.1 5.2 -430.15 -3.85 q -431.65 -8.4 -433.2 -11.7
f 0 0 s 6 #503177 1 m -433.2 42.8 q -431.45 39.9 -429.7 35.35 q -426.2 26.1 -426.15 15.15 q -426.1 5.5 -429.65 -3.55 q -431.4 -8.05 -433.2 -11.2
f 0 0 s 6 #503177 1 m -433.2 42.8 q -431.2 40.1 -429.2 35.5 q -425.15 26.3 -425.1 15.4 q -425.05 5.85 -429.15 -3.2 q -431.15 -7.7 -433.2 -10.7
f 0 0 s 6 #503177 1 m -433.2 42.8 q -430.95 40.25 -428.7 35.65 q -424.15 26.45 -424.1 15.7 q -424.05 6.15 -428.65 -2.9 q -430.9 -7.4 -433.2 -10.2
f 0 0 s 6 #503177 1 m -433.2 -9.7 q -430.65 -7.05 -428.15 -2.55 q -423.05 6.5 -423.1 15.85 q -423.15 26.65 -428.2 35.8 q -430.7 40.4 -433.2 42.8
f 0 0 s 6 #503177 1 m -433.2 42.8 q -431 40.2 -428.85 35.6 q -424.4 26.45 -424.35 15.6 q -424.3 6.1 -428.8 -2.95 q -430.95 -7.45 -433.2 -10.3
f 0 0 s 6 #503177 1 m -433.2 42.8 q -431.35 40 -429.45 35.45 q -425.65 26.2 -425.6 15.3 q -425.55 5.7 -429.4 -3.35 q -431.3 -7.9 -433.2 -10.95
f 0 0 s 6 #503177 1 m -433.2 42.8 q -431.65 39.8 -430.1 35.25 q -426.95 26 -426.9 14.95 q -426.85 5.3 -430.05 -3.8 q -431.6 -8.3 -433.2 -11.55
f 0 0 s 6 #503177 1 m -433.2 42.8 q -432.3 39.4 -431.35 34.85 q -429.45 25.55 -429.4 14.25 q -429.35 4.45 -431.3 -4.6 q -432.25 -9.15 -433.2 -12.8
f 0 0 s 6 #503177 1 m -433.2 42.8 q -432.6 39.2 -432 34.7 q -430.7 25.35 -430.65 13.95 q -430.6 4.05 -431.95 -5 q -432.55 -9.55 -433.2 -13.45
f 0 0 s 6 #503177 1 m -433.2 42.8 q -432.95 39 -432.6 34.5 q -432 25.1 -431.95 13.6 q -431.9 3.65 -432.55 -5.45 q -432.9 -10 -433.2 -14.05
f 0 0 s 6 #503177 1 m -472.95 -25.95 l -472.95 -5.15 l -472.95 18.55
f 0 0 s 6 #503177 1 m -472.95 18.55 q -473.1 14.25 -473.25 9.9 q -473.5 2.7 -473.5 -4.3 q -473.55 -8.7 -473.5 -10.55 q -473.45 -15.45 -473.25 -20.35 q -473.1 -22.85 -472.95 -25.2
f 0 0 s 6 #503177 1 m -472.95 18.55 q -473.25 14.5 -473.55 10.2 q -474 3.25 -474.1 -3.5 q -474.1 -7.75 -474.1 -9.5 q -474 -14.6 -473.5 -19.55 q -473.25 -22.15 -472.95 -24.45
f 0 0 s 6 #503177 1 m -472.95 18.55 q -473.4 14.7 -473.85 10.55 q -474.55 3.75 -474.65 -2.65 q -474.7 -6.75 -474.65 -8.5 q -474.5 -13.7 -473.8 -18.75 q -473.35 -21.45 -472.95 -23.7
f 0 0 s 6 #503177 1 m -472.95 18.55 q -473.55 14.9 -474.15 10.85 q -475.05 4.3 -475.25 -1.85 q -475.25 -5.8 -475.2 -7.45 q -475 -12.8 -474.05 -17.95 q -473.5 -20.75 -472.95 -22.95
f 0 0 s 6 #503177 1 m -472.95 18.55 q -473.65 15.15 -474.4 11.2 q -475.6 4.8 -475.8 -1 q -475.8 -4.85 -475.75 -6.45 q -475.5 -11.9 -474.35 -17.15 q -473.65 -20.05 -472.95 -22.2
f 0 0 s 6 #503177 1 m -472.95 18.55 q -473.8 15.35 -474.7 11.55 q -476.15 5.3 -476.35 -0.15 q -476.4 -3.9 -476.35 -5.45 q -476.05 -11.05 -474.65 -16.35 q -473.8 -19.35 -472.95 -21.45
f 0 0 s 6 #503177 1 m -472.95 18.55 q -473.95 15.55 -475 11.85 q -476.65 5.85 -476.95 0.65 q -476.95 -2.95 -476.9 -4.4 q -476.55 -10.15 -474.9 -15.55 q -473.95 -18.65 -472.95 -20.7
f 0 0 s 6 #503177 1 m -472.95 18.55 q -474.1 15.75 -475.3 12.2 q -477.2 6.35 -477.5 1.5 q -477.55 -1.95 -477.45 -3.4 q -477.05 -9.25 -475.2 -14.75 q -474.05 -17.95 -472.95 -19.95
f 0 0 s 6 #503177 1 m -472.95 18.55 q -474.25 16 -475.6 12.5 q -477.7 6.9 -478.1 2.3 q -478.1 -1 -478.05 -2.35 q -477.6 -8.4 -475.45 -13.95 q -474.2 -17.25 -472.95 -19.2
f 0 0 s 6 #503177 1 m -472.95 -18.45 q -474.35 -16.55 -475.75 -13.15 q -478.6 -6.3 -478.75 1.25 q -478.8 6.15 -475.9 12.85 q -474.4 16.2 -472.95 18.55
f 0 0 s 6 #503177 1 m -472.95 18.55 q -474.2 16.05 -475.55 12.7 q -478.05 5.95 -478 0.8 q -477.5 -8 -475.4 -13.85 q -474.15 -17.3 -472.95 -19.4
f 0 0 s 6 #503177 1 m -472.95 18.55 q -474.05 15.9 -475.15 12.5 q -477.35 5.75 -477.3 0.4 q -476.85 -8.6 -475.05 -14.6 q -474 -18 -472.95 -20.3
f 0 0 s 6 #503177 1 m -472.95 18.55 q -473.85 15.75 -474.8 12.35 q -476.6 5.55 -476.55 -0.05 q -476.2 -9.15 -474.7 -15.3 q -473.8 -18.75 -472.95 -21.25
f 0 0 s 6 #503177 1 m -472.95 18.55 q -473.65 15.6 -474.4 12.15 q -475.85 5.4 -475.85 -0.5 q -475.55 -9.75 -474.35 -16.05 q -473.65 -19.5 -472.95 -22.2
f 0 0 s 6 #503177 1 m -472.95 18.55 q -473.5 15.45 -474.05 12 q -475.15 5.2 -475.1 -0.95 q -474.9 -10.3 -474 -16.75 q -473.45 -20.25 -472.95 -23.15
f 0 0 s 6 #503177 1 m -472.95 18.55 q -473.3 15.3 -473.7 11.8 q -474.4 5 -474.4 -1.35 q -474.25 -10.9 -473.65 -17.5 q -473.3 -20.95 -472.95 -24.05
f 0 0 s 6 #503177 1 m -472.95 18.55 q -473.15 15.15 -473.3 11.65 q -473.7 4.8 -473.65 -1.8 q -473.6 -11.45 -473.3 -18.2 q -473.1 -21.7 -472.95 -25
f 0 0 s 6 #503177 1 m -472.95 -25.95 l -472.95 -5.15 l -472.95 18.55
f 0 0 s 6 #503177 1 m -472.95 18.55 q -472.8 15.4 -472.6 12.2 q -472.25 5.7 -472.25 -0.7 q -472.25 -2.7 -472.3 -4.75 q -472.35 -11.25 -472.6 -17.75 q -472.75 -21.55 -472.95 -25.2
f 0 0 s 6 #503177 1 m -472.95 18.55 q -472.6 15.55 -472.25 12.35 q -471.6 5.9 -471.6 -0.35 q -471.55 -2.35 -471.6 -4.35 q -471.7 -10.75 -472.25 -17.2 q -472.6 -20.95 -472.95 -24.45
f 0 0 s 6 #503177 1 m -472.95 18.55 q -472.45 15.65 -471.95 12.5 q -470.9 6.1 -470.9 0.05 q -470.9 -1.95 -470.95 -3.95 q -471.1 -10.3 -471.9 -16.6 q -472.4 -20.35 -472.95 -23.7
f 0 0 s 6 #503177 1 m -472.95 18.55 q -472.25 15.8 -471.6 12.65 q -470.25 6.3 -470.2 0.4 q -470.2 -1.6 -470.25 -3.55 q -470.5 -9.8 -471.55 -16 q -472.25 -19.75 -472.95 -22.95
f 0 0 s 6 #503177 1 m -472.95 18.55 q -472.1 15.9 -471.25 12.8 q -469.55 6.5 -469.5 0.75 q -469.5 -1.2 -469.6 -3.15 q -469.85 -9.3 -471.2 -15.4 q -472.05 -19.15 -472.95 -22.2
f 0 0 s 6 #503177 1 m -472.95 18.55 q -471.95 16 -470.9 12.9 q -468.85 6.65 -468.85 1.1 q -468.8 -0.8 -468.95 -2.75 q -469.25 -8.8 -470.85 -14.85 q -471.9 -18.6 -472.95 -21.45
f 0 0 s 6 #503177 1 m -472.95 18.55 q -471.75 16.15 -470.55 13.05 q -468.2 6.85 -468.15 1.45 q -468.1 -0.45 -468.25 -2.35 q -468.65 -8.3 -470.5 -14.25 q -471.75 -18 -472.95 -20.7
f 0 0 s 6 #503177 1 m -472.95 18.55 q -471.6 16.25 -470.25 13.2 q -467.5 7.05 -467.45 1.85 q -467.45 -0.05 -467.6 -1.95 q -468.05 -7.85 -470.15 -13.65 q -471.55 -17.4 -472.95 -19.95
f 0 0 s 6 #503177 1 m -472.95 18.55 q -471.4 16.4 -469.9 13.35 q -466.85 7.25 -466.8 2.2 q -466.75 0.3 -466.9 -1.55 q -467.4 -7.35 -469.8 -13.1 q -471.4 -16.8 -472.95 -19.2
f 0 0 s 6 #503177 1 m -472.95 -18.45 q -471.2 -16.2 -469.45 -12.5 q -465.95 -5 -466.1 2.55 q -466.15 7.45 -469.55 13.5 q -471.25 16.5 -472.95 18.55
f 0 0 s 6 #503177 1 m -472.95 18.55 q -471.45 16.35 -469.95 13.3 q -467 7.2 -466.95 2.1 q -466.9 0.25 -467.1 -1.65 q -467.55 -7.45 -469.9 -13.25 q -471.4 -16.95 -472.95 -19.4
f 0 0 s 6 #503177 1 m -472.95 18.55 q -471.65 16.2 -470.4 13.15 q -467.85 6.95 -467.8 1.65 q -467.75 -0.25 -467.9 -2.15 q -468.35 -8.05 -470.3 -13.95 q -471.65 -17.7 -472.95 -20.3
f 0 0 s 6 #503177 1 m -472.95 18.55 q -471.9 16.05 -470.8 12.95 q -468.7 6.7 -468.65 1.2 q -468.65 -0.7 -468.75 -2.65 q -469.1 -8.7 -470.75 -14.7 q -471.85 -18.45 -472.95 -21.25
f 0 0 s 6 #503177 1 m -472.95 18.55 q -472.3 15.75 -471.65 12.6 q -470.4 6.25 -470.4 0.3 q -470.35 -1.65 -470.45 -3.65 q -470.65 -9.9 -471.65 -16.15 q -472.3 -19.9 -472.95 -23.15
f 0 0 s 6 #503177 1 m -472.95 18.55 q -472.5 15.6 -472.1 12.4 q -471.25 6 -471.25 -0.15 q -471.2 -2.15 -471.25 -4.15 q -471.4 -10.5 -472.05 -16.9 q -472.5 -20.65 -472.95 -24.05
f 0 0 s 6 #503177 1 m -472.95 18.55 q -472.75 15.45 -472.5 12.25 q -472.1 5.75 -472.1 -0.6 q -472.1 -2.6 -472.1 -4.65 q -472.2 -11.15 -472.5 -17.6 q -472.75 -21.4 -472.95 -25
f 0 0 s 6 #503177 1 m -472.95 -25.95 l -472.95 -5.15 l -472.95 18.55
f #503177 1 m -484.6 42.2 q -483.2 41.8 -482.45 40.6 l -470.45 20.35 q -469.7 19.05 -470.05 17.65 q -470.45 16.25 -471.7 15.55 q -472.95 14.75 -474.35 15.15 q -475.75 15.5 -476.45 16.75 l -488.45 37 q -489.25 38.25 -488.85 39.65 q -488.5 41.05 -487.25 41.8 q -486 42.55 -484.6 42.2 c f #503177 1 m -434.25 39.35 q -435.7 39.55 -436.55 40.75 l -449.3 58.5 q -450.15 59.65 -449.9 61.1 q -449.7 62.5 -448.5 63.35 q -447.35 64.2 -445.9 64 q -444.5 63.75 -443.65 62.6 l -430.9 44.85 q -430.05 43.65 -430.25 42.25 q -430.5 40.8 -431.65 39.95 q -432.85 39.1 -434.25 39.35 c f #503177 1 m -375.5 48.05 q -376.9 47.85 -378.05 48.75 q -379.25 49.6 -379.45 51.05 q -379.65 52.45 -378.75 53.65 l -365.5 71.15 q -364.65 72.3 -363.2 72.5 q -361.8 72.7 -360.6 71.85 q -359.45 70.95 -359.25 69.5 q -359.05 68.1 -359.9 66.95 l -373.15 49.45 q -374.05 48.25 -375.5 48.05 c
f 0 0 s 6 #503177 1 m -305.05 -20.45 l -305.05 37.05 l -288 43.55 f 0 0 s 6 #503177 1 m -338.55 18.55 l -363.55 10.55 f 0 0 s 6 #503177 1 m -326.55 -2.95 l -329.55 19.55 l -314.55 26.05
f 0 0 s 6 #503177 1 m -305.55 -20.15 l -305.05 37.05 l -288 43.55 f 0 0 s 6 #503177 1 m -363.55 10.55 l -338.55 18.55 f 0 0 s 6 #503177 1 m -327.15 -2.95 l -329.55 19.55 l -314.55 26.05
f 0 0 s 6 #503177 1 m -306.05 -19.85 l -305.05 37.05 l -288 43.55 f 0 0 s 6 #503177 1 m -363.55 10.55 l -338.55 18.55 f 0 0 s 6 #503177 1 m -327.75 -2.95 l -329.55 19.55 l -314.55 26.05
f 0 0 s 6 #503177 1 m -306.55 -19.55 l -305.05 37.05 l -288 43.55 f 0 0 s 6 #503177 1 m -363.55 10.55 l -338.55 18.55 f 0 0 s 6 #503177 1 m -328.35 -2.95 l -329.55 19.55 l -314.55 26.05
f 0 0 s 6 #503177 1 m -307.05 -19.25 l -305.05 37.05 l -288 43.55 f 0 0 s 6 #503177 1 m -363.55 10.55 l -338.55 18.55 f 0 0 s 6 #503177 1 m -328.95 -2.95 l -329.55 19.55 l -314.55 26.05
f 0 0 s 6 #503177 1 m -307.55 -18.95 l -305.05 37.05 l -288 43.55 f 0 0 s 6 #503177 1 m -363.55 10.55 l -338.55 18.55 f 0 0 s 6 #503177 1 m -329.55 -2.95 l -329.55 19.55 l -314.55 26.05
f 0 0 s 6 #503177 1 m -308.05 -18.7 l -305.05 37.05 l -288 43.55 f 0 0 s 6 #503177 1 m -363.55 10.55 l -338.55 18.55 f 0 0 s 6 #503177 1 m -330.15 -2.95 l -329.55 19.55 l -314.55 26.05
f 0 0 s 6 #503177 1 m -308.55 -18.4 l -305.05 37.05 l -288 43.55 f 0 0 s 6 #503177 1 m -363.55 10.55 l -338.55 18.55 f 0 0 s 6 #503177 1 m -330.75 -2.95 l -329.55 19.55 l -314.55 26.05
f 0 0 s 6 #503177 1 m -309.05 -18.1 l -305.05 37.05 l -288 43.55 f 0 0 s 6 #503177 1 m -363.55 10.55 l -338.55 18.55 f 0 0 s 6 #503177 1 m -331.35 -2.95 l -329.55 19.55 l -314.55 26.05
f 0 0 s 6 #503177 1 m -309.55 -17.8 l -305.05 37.05 l -288 43.55 f 0 0 s 6 #503177 1 m -363.55 10.55 l -338.55 18.55 f 0 0 s 6 #503177 1 m -331.95 -2.95 l -329.55 19.55 l -314.55 26.05
f 0 0 s 6 #503177 1 m -310.05 -17.5 l -305.05 37.05 l -288 43.55 f 0 0 s 6 #503177 1 m -338.55 18.55 l -363.55 10.55 f 0 0 s 6 #503177 1 m -332.55 -2.95 l -329.55 19.55 l -314.55 26.05
f 0 0 s 6 #503177 1 m -305.65 -19.85 l -305.05 37.05 l -288 43.55 f 0 0 s 6 #503177 1 m -363.55 10.55 l -338.55 18.55 f 0 0 s 6 #503177 1 m -327.35 -2.95 l -329.55 19.55 l -314.55 26.05
f 0 0 s 6 #503177 1 m -305.95 -19.55 l -305.05 37.05 l -288 43.55 f 0 0 s 6 #503177 1 m -363.55 10.55 l -338.55 18.55 f 0 0 s 6 #503177 1 m -327.75 -2.95 l -329.55 19.55 l -314.55 26.05
f 0 0 s 6 #503177 1 m -306.25 -19.25 l -305.05 37.05 l -288 43.55 f 0 0 s 6 #503177 1 m -363.55 10.55 l -338.55 18.55 f 0 0 s 6 #503177 1 m -328.15 -2.95 l -329.55 19.55 l -314.55 26.05
f 0 0 s 6 #503177 1 m -306.55 -18.95 l -305.05 37.05 l -288 43.55 f 0 0 s 6 #503177 1 m -363.55 10.55 l -338.55 18.55 f 0 0 s 6 #503177 1 m -328.55 -2.95 l -329.55 19.55 l -314.55 26.05
f 0 0 s 6 #503177 1 m -306.85 -18.7 l -305.05 37.05 l -288 43.55 f 0 0 s 6 #503177 1 m -363.55 10.55 l -338.55 18.55 f 0 0 s 6 #503177 1 m -328.95 -2.95 l -329.55 19.55 l -314.55 26.05
f 0 0 s 6 #503177 1 m -307.15 -18.4 l -305.05 37.05 l -288 43.55 f 0 0 s 6 #503177 1 m -363.55 10.55 l -338.55 18.55 f 0 0 s 6 #503177 1 m -329.35 -2.95 l -329.55 19.55 l -314.55 26.05
f 0 0 s 6 #503177 1 m -307.45 -18.1 l -305.05 37.05 l -288 43.55 f 0 0 s 6 #503177 1 m -363.55 10.55 l -338.55 18.55 f 0 0 s 6 #503177 1 m -329.75 -2.95 l -329.55 19.55 l -314.55 26.05
f 0 0 s 6 #503177 1 m -307.75 -17.8 l -305.05 37.05 l -288 43.55 f 0 0 s 6 #503177 1 m -363.55 10.55 l -338.55 18.55 f 0 0 s 6 #503177 1 m -330.15 -2.95 l -329.55 19.55 l -314.55 26.05
f 0 0 s 6 #503177 1 m -308.05 -17.5 l -305.05 37.05 l -288 43.55 f 0 0 s 6 #503177 1 m -338.55 18.55 l -363.55 10.55 f 0 0 s 6 #503177 1 m -330.55 -2.95 l -329.55 19.55 l -314.55 26.05
f #231f30 1 m 49.75 8.75 q 47.75 8.75 46.25 10.2 q 44.85 11.65 44.85 13.7 q 44.85 14.8 45.3 14.85 q 45.7 14.95 45.7 13.7 q 45.7 9.7 49.6 9.7 q 51.5 9.7 52.65 10.65 q 53.85 11.6 53.8 13.25 q 53.75 14.9 54.25 14.85 q 54.7 14.85 54.7 13.7 q 54.7 11.65 53.25 10.2 q 51.8 8.75 49.75 8.75 c
f #231f30 1 m 53.9 11.05 q 53.6 10.55 53.15 10.15 q 51.95 8.95 50.4 8.8 q 50.05 8.75 49.65 8.75 q 47.9 8.8 46.5 9.95 q 46.35 10.1 46.25 10.25 q 44.85 11.7 44.85 13.7 q 44.85 14.75 45.25 14.85 q 45.65 15.05 45.7 14 q 45.7 13.3 45.95 12.75 q 46.65 11.05 49.2 10.8 q 49.45 10.8 49.7 10.8 q 51.55 10.8 52.7 11.5 q 52.8 11.5 52.85 11.55 q 53.9 12.25 53.9 13.45 q 53.85 14.5 54.15 14.6 q 54.2 14.7 54.3 14.7 q 54.7 14.65 54.7 13.55 q 54.65 12.1 53.9 11.05 c
f #231f30 1 m 53.8 10.9 q 53.5 10.45 53.1 10.05 q 51.9 8.95 50.3 8.8 q 49.95 8.75 49.6 8.75 q 47.85 8.8 46.5 10 q 46.35 10.15 46.2 10.3 q 44.85 11.7 44.85 13.7 q 44.85 14.7 45.25 14.9 q 45.6 15.1 45.65 14.3 q 45.75 13.8 46 13.35 q 46.8 12.15 49.25 11.95 q 49.55 11.95 49.8 11.95 q 51.6 11.9 52.75 12.3 q 52.85 12.35 52.9 12.35 q 53.95 12.85 54 13.7 q 54 14.45 54.2 14.5 q 54.3 14.55 54.35 14.55 q 54.7 14.4 54.65 13.4 q 54.6 12 53.8 10.9 c
f #231f30 1 m 53.7 10.8 q 53.4 10.35 53 10 q 51.8 8.9 50.2 8.8 q 49.85 8.75 49.5 8.75 q 47.75 8.85 46.45 10 q 46.3 10.15 46.2 10.3 q 44.85 11.75 44.85 13.7 q 44.85 14.65 45.2 14.9 q 45.5 15.2 45.65 14.6 q 45.75 14.25 46.05 14 q 46.95 13.2 49.35 13.05 q 49.6 13.05 49.9 13.05 q 51.65 13 52.8 13.15 q 52.9 13.15 52.95 13.15 q 54 13.4 54.1 13.9 q 54.1 14.45 54.3 14.35 q 54.35 14.4 54.4 14.4 q 54.7 14.2 54.65 13.25 q 54.55 11.85 53.7 10.8 c
f #231f30 1 m 53.65 10.7 q 53.3 10.25 52.9 9.9 q 51.7 8.9 50.15 8.8 q 49.8 8.75 49.4 8.8 q 47.7 8.9 46.4 10.05 q 46.3 10.2 46.15 10.35 q 44.85 11.75 44.85 13.7 q 44.85 14.6 45.2 14.95 q 45.45 15.3 45.6 14.95 q 45.75 14.75 46.1 14.65 q 47.15 14.3 49.45 14.2 q 49.7 14.2 50 14.15 q 51.7 14.1 52.9 14 q 53 14 53.05 13.95 q 54.05 13.95 54.2 14.1 q 54.25 14.45 54.4 14.25 q 54.45 14.3 54.5 14.3 q 54.7 13.95 54.65 13.1 q 54.5 11.75 53.65 10.7 c
f #231f30 1 m 53.55 10.55 q 53.2 10.15 52.8 9.85 q 51.6 8.85 50.05 8.75 q 49.7 8.75 49.3 8.8 q 47.65 8.9 46.35 10.1 q 46.25 10.25 46.15 10.4 q 44.85 11.8 44.85 13.7 q 44.85 14.55 45.15 14.95 q 45.4 15.35 45.6 15.25 q 45.75 15.25 46.1 15.25 q 47.3 15.4 49.5 15.3 q 49.8 15.3 50.05 15.25 q 51.75 15.15 52.95 14.8 q 53.05 14.8 53.1 14.75 q 54.05 14.5 54.25 14.3 q 54.35 14.4 54.45 14.1 q 54.5 14.15 54.55 14.15 q 54.7 13.75 54.6 12.9 q 54.4 11.6 53.55 10.55 c
f #231f30 1 m 53.45 10.45 q 53.1 10.05 52.75 9.75 q 51.55 8.8 49.95 8.75 q 49.6 8.75 49.25 8.8 q 47.6 8.95 46.35 10.15 q 46.2 10.3 46.1 10.45 q 44.85 11.8 44.85 13.7 q 44.85 14.5 45.1 14.95 q 45.35 15.45 45.55 15.55 q 45.8 15.75 46.15 15.9 q 47.45 16.5 49.6 16.4 q 49.9 16.4 50.15 16.4 q 51.8 16.25 53 15.65 q 53.1 15.6 53.15 15.55 q 54.1 15.1 54.35 14.55 q 54.45 14.4 54.55 13.95 q 54.55 14 54.6 14 q 54.7 13.5 54.6 12.75 q 54.35 11.45 53.45 10.45 c
f #231f30 1 m 53.35 10.3 q 53 9.95 52.65 9.7 q 51.45 8.8 49.85 8.75 q 49.5 8.75 49.15 8.8 q 47.5 8.95 46.3 10.15 q 46.2 10.3 46.1 10.45 q 44.85 11.85 44.85 13.7 q 44.85 14.45 45.1 15 q 45.25 15.5 45.55 15.85 q 45.8 16.2 46.2 16.5 q 47.6 17.55 49.65 17.55 q 49.95 17.55 50.25 17.5 q 51.85 17.35 53.05 16.45 q 53.15 16.45 53.2 16.35 q 54.15 15.65 54.45 14.75 q 54.6 14.35 54.6 13.85 l 54.65 13.85 q 54.7 13.3 54.55 12.6 q 54.3 11.35 53.35 10.3 c
f #231f30 1 m 54.7 13.7 q 54.7 11.65 53.25 10.2 q 51.8 8.75 49.75 8.75 q 47.75 8.75 46.25 10.2 q 44.85 11.65 44.85 13.7 q 44.85 15.75 46.25 17.15 q 47.75 18.65 49.75 18.65 q 51.8 18.65 53.25 17.15 q 54.7 15.75 54.7 13.7 c
f #231f30 1 m 53.35 10.3 q 53 9.95 52.65 9.65 q 51.45 8.8 49.85 8.75 q 49.5 8.75 49.15 8.8 q 47.5 8.95 46.3 10.15 q 46.2 10.3 46.05 10.45 q 44.85 11.85 44.85 13.7 q 44.85 14.45 45.1 15 q 45.25 15.55 45.5 15.9 q 45.8 16.25 46.2 16.6 q 47.6 17.7 49.7 17.65 q 49.95 17.65 50.25 17.6 q 51.85 17.5 53.05 16.55 q 53.15 16.5 53.2 16.45 q 54.15 15.7 54.45 14.75 q 54.6 14.35 54.65 13.8 q 54.65 13.2 54.55 12.6 q 54.3 11.3 53.35 10.3 c
f #231f30 1 m 53.5 10.5 q 53.15 10.1 52.8 9.8 q 51.6 8.85 50 8.75 q 49.65 8.75 49.3 8.8 q 47.6 8.9 46.35 10.1 q 46.25 10.25 46.1 10.4 q 44.85 11.8 44.85 13.7 q 44.85 14.55 45.15 14.95 q 45.35 15.4 45.55 15.35 q 45.75 15.4 46.15 15.45 q 47.35 15.75 49.55 15.65 q 49.8 15.65 50.1 15.65 q 51.75 15.55 52.95 15.1 q 53.05 15.05 53.1 15 q 54.1 14.7 54.3 14.4 q 54.4 14.4 54.5 14.05 q 54.5 14.1 54.55 14.1 q 54.7 13.65 54.6 12.85 q 54.4 11.55 53.5 10.5 c
f #231f30 1 m 53.6 10.6 q 53.25 10.2 52.85 9.85 q 51.65 8.85 50.1 8.75 q 49.75 8.75 49.35 8.8 q 47.65 8.9 46.4 10.05 q 46.25 10.2 46.15 10.35 q 44.85 11.75 44.85 13.7 q 44.85 14.6 45.15 14.95 q 45.4 15.3 45.6 15.05 q 45.75 14.95 46.1 14.9 q 47.2 14.8 49.45 14.65 q 49.75 14.65 50 14.65 q 51.7 14.55 52.9 14.35 q 53 14.35 53.05 14.3 q 54.05 14.2 54.2 14.2 q 54.3 14.4 54.4 14.15 q 54.45 14.2 54.5 14.2 q 54.7 13.85 54.6 13 q 54.45 11.65 53.6 10.6 c
f #231f30 1 m 53.65 10.75 q 53.35 10.3 52.95 9.95 q 51.75 8.9 50.15 8.8 q 49.8 8.75 49.45 8.75 q 47.75 8.85 46.4 10.05 q 46.3 10.2 46.15 10.35 q 44.85 11.75 44.85 13.7 q 44.85 14.6 45.2 14.9 q 45.5 15.25 45.6 14.8 q 45.75 14.55 46.05 14.35 q 47.05 13.8 49.4 13.7 q 49.65 13.7 49.95 13.65 q 51.7 13.6 52.85 13.6 q 52.95 13.6 53 13.6 q 54 13.7 54.15 14 q 54.15 14.45 54.35 14.3 q 54.4 14.35 54.45 14.35 q 54.7 14.05 54.65 13.15 q 54.5 11.8 53.65 10.75 c
f #231f30 1 m 53.5 10.5 q 53.15 10.1 52.8 9.8 q 51.6 8.85 50 8.75 q 49.65 8.75 49.3 8.8 q 47.6 8.9 46.35 10.1 q 46.25 10.25 46.1 10.4 q 44.85 11.8 44.85 13.7 q 44.85 14.55 45.15 14.95 q 45.35 15.4 45.55 15.35 q 45.75 15.4 46.15 15.45 q 47.35 15.75 49.55 15.65 q 49.8 15.65 50.1 15.65 q 51.75 15.55 52.95 15.1 q 53.05 15.05 53.1 15 q 54.1 14.7 54.3 14.4 q 54.4 14.4 54.5 14.05 q 54.5 14.1 54.55 14.1 q 54.7 13.65 54.6 12.85 q 54.4 11.55 53.5 10.5 c