f #fff 1 m 26.7 -3.5 l 11.9 -2.55 l 13.8 -21.5 l -14.45 -21.5 l -12.55 -2.55 l -27.3 -3.5 l -0.3 24.45 l 26.7 -3.5 c f 0 0 s 3 #fff 1 m 13.8 -21.5 l 11.9 -2.55 l 26.7 -3.5 l -0.3 24.45 l -27.3 -3.5 l -12.55 -2.55 l -14.45 -21.5 l 13.8 -21.5
f #0b6665 1 m 42.25 -42.25 l -42.25 -42.25 l -42.25 23.05 q -42.25 31 -36.65 36.6 q -31 42.25 -23.05 42.25 l 23.05 42.25 q 31 42.25 36.65 36.6 q 42.25 31 42.25 23.05 l 42.25 -42.25 m -39.35 -39.35 l 39.35 -39.35 l 39.35 23.05 q 39.35 29.75 34.55 34.55 q 29.8 39.35 23.05 39.35 l -23.05 39.35 q -29.75 39.35 -34.55 34.55 q -39.35 29.75 -39.35 23.05 l -39.35 -39.35 h c
f #58bcb7 1 m -36.65 36.6 q -31 42.25 -23.05 42.25 l 23.05 42.25 q 31 42.25 36.65 36.6 q 42.25 31 42.25 23.05 l 42.25 -42.25 l -42.25 -42.25 l -42.25 23.05 q -42.25 31 -36.65 36.6 c
f #0b6665 1 m 44.65 -44.45 l -44 -44.45 l -44 22.4 q -44 31.35 -38.1 37.65 q -32.2 44 -23.85 44 l 24.5 44 q 32.85 44 38.75 37.65 q 44.65 31.35 44.65 22.4 l 44.65 -44.45 c
f #0b6665 1 m -39.25 74.95 q -33.35 81.3 -25 81.3 l 23.35 81.3 q 31.7 81.3 37.6 74.95 q 43.5 68.65 43.5 59.7 l 43.5 -7.15 l -45.15 -7.15 l -45.15 59.7 q -45.15 68.65 -39.25 74.95 m -24.2 79.55 q -32.15 79.55 -37.8 73.9 q -43.4 68.3 -43.4 60.35 l -43.4 -4.95 l 41.1 -4.95 l 41.1 60.35 q 41.1 68.3 35.5 73.9 q 29.85 79.55 21.9 79.55 l -24.2 79.55 h c f #fc0 1 m -37.8 73.9 q -32.15 79.55 -24.2 79.55 l 21.9 79.55 q 29.85 79.55 35.5 73.9 q 41.1 68.3 41.1 60.35 l 41.1 -4.95 l -43.4 -4.95 l -43.4 60.35 q -43.4 68.3 -37.8 73.9 m -12.55 33.45 l -14.45 14.5 l 13.8 14.5 l 11.9 33.45 l 26.7 32.5 l -0.3 60.45 l -27.3 32.5 l -12.55 33.45 h c f #fff 1 m -14.45 14.5 l -12.55 33.45 l -27.3 32.5 l -0.3 60.45 l 26.7 32.5 l 11.9 33.45 l 13.8 14.5 l -14.45 14.5 c f 0 0 s 3 #fff 1 m 13.8 14.5 l 11.9 33.45 l 26.7 32.5 l -0.3 60.45 l -27.3 32.5 l -12.55 33.45 l -14.45 14.5 l 13.8 14.5
f #0b6665 1 m 92.35 22.5 q 92.35 13.2 86.2 6.6 q 80.05 0 71.35 0 l 21 0 q 12.3 0 6.15 6.6 q 0 13.2 0 22.5 l 0 99 l 92.35 99 l 92.35 22.5 m 84.05 8.7 q 89.35 14.45 89.35 22.5 l 89.35 96 l 3 96 l 3 22.5 q 3 14.45 8.3 8.7 q 13.55 3 21 3 l 71.35 3 q 78.8 3 84.05 8.7 h c
f #0b6665 1 m 92.35 22.5 q 92.35 13.2 86.2 6.6 q 80.05 0 71.35 0 l 21 0 q 12.3 0 6.15 6.6 q 0 13.2 0 22.5 l 0 99 l 92.35 99 l 92.35 22.5 c
f #0c6666 1 m 74.2 -74.25 q 43.45 -105 0 -105 q -43.5 -105 -74.3 -74.25 q -105 -43.5 -105 0 q -105 43.5 -74.3 74.2 q -43.5 105 0 105 q 43.45 105 74.2 74.2 q 105 43.5 105 0 q 105 -43.5 74.2 -74.25 c
f #807e74 1 m 460.55 307 l 474.45 307 l 467.25 295.7 l 460.55 307 c
f #fff 1 m 460.55 307 l 474.45 307 l 467.25 295.7 l 460.55 307 c f 0 0 s 1 #000 1 m 467.25 295.7 l 460.55 307 l 474.45 307 l 467.25 295.7
f #fffdf1 1 m 482.55 281.55 l 453.3 281.55 q 450.5 281.55 448.5 283.55 q 446.5 285.6 446.5 288.4 l 446.5 317.65 q 446.5 320.45 448.5 322.45 q 450.5 324.45 453.3 324.45 l 482.55 324.45 q 485.35 324.45 487.35 322.45 q 489.35 320.45 489.35 317.65 l 489.35 288.4 q 489.35 285.6 487.35 283.55 q 485.35 281.55 482.55 281.55 c f 0 0 s 1 #000 1 m 482.55 324.45 l 453.3 324.45 q 450.5 324.45 448.5 322.45 q 446.5 320.45 446.5 317.65 l 446.5 288.4 q 446.5 285.6 448.5 283.55 q 450.5 281.55 453.3 281.55 l 482.55 281.55 q 485.35 281.55 487.35 283.55 q 489.35 285.6 489.35 288.4 l 489.35 317.65 q 489.35 320.45 487.35 322.45 q 485.35 324.45 482.55 324.45
f #fc0 1 m -17.95 -26.3 q -21.35 -26.3 -23.8 -23.85 q -26.25 -21.35 -26.25 -17.9 l -26.25 17.95 q -26.25 21.4 -23.8 23.85 q -21.35 26.3 -17.95 26.3 l 17.9 26.3 q 21.35 26.3 23.8 23.85 q 26.25 21.4 26.25 17.95 l 26.25 -17.9 q 26.25 -21.35 23.8 -23.85 q 21.35 -26.3 17.9 -26.3 l -17.95 -26.3 c f 0 0 s 1 #000 1 m 17.9 26.3 l -17.95 26.3 q -21.35 26.3 -23.8 23.85 q -26.25 21.4 -26.25 17.95 l -26.25 -17.9 q -26.25 -21.35 -23.8 -23.85 q -21.35 -26.3 -17.95 -26.3 l 17.9 -26.3 q 21.35 -26.3 23.8 -23.85 q 26.25 -21.35 26.25 -17.9 l 26.25 17.95 q 26.25 21.4 23.8 23.85 q 21.35 26.3 17.9 26.3
f #fff 1 m 772.9 90.9 q 763.25 81.25 749.65 81.25 l 194.5 81.25 q 180.95 81.25 171.25 90.9 q 161.6 100.6 161.6 114.15 l 161.6 506.15 q 161.6 519.75 171.25 529.4 q 180.95 539.05 194.5 539.05 l 749.65 539.05 q 763.25 539.05 772.9 529.4 q 782.55 519.75 782.55 506.15 l 782.55 114.15 q 782.55 100.6 772.9 90.9 c f 0 0 s 1 #000 1 m 749.65 539.05 l 194.5 539.05 q 180.95 539.05 171.25 529.4 q 161.6 519.75 161.6 506.15 l 161.6 114.15 q 161.6 100.6 171.25 90.9 q 180.95 81.25 194.5 81.25 l 749.65 81.25 q 763.25 81.25 772.9 90.9 q 782.55 100.6 782.55 114.15 l 782.55 506.15 q 782.55 519.75 772.9 529.4 q 763.25 539.05 749.65 539.05
f #221f20 0.698039 m 960 612.05 l 960 0 l -1 0 l -1 612.05 l 960 612.05 c f 0 0 s 1 #000 1 m 960 612.05 l -1 612.05 l -1 0 l 960 0 l 960 612.05
f #ff0 1 m 10 5 q 10 2.95 8.5 1.45 q 7.05 0 5 0 q 2.95 0 1.45 1.45 q 0 2.95 0 5 q 0 7.05 1.45 8.5 q 2.95 10 5 10 q 7.05 10 8.5 8.5 q 10 7.05 10 5 c
f #fff 1 m 45.8 16.45 q 43.45 16.5 41.2 17.05 q 38.8 17.8 37.55 18.1 q 37.4 18.15 37.2 18.4 q 37 18.6 36.9 18.6 q 32.05 20.7 28.25 24.6 q 27.65 25.25 26.9 26.75 q 22.85 32.5 21.35 38.85 q 20.55 42.25 20 50.15 q 20.05 50.55 19.85 51.3 q 20.3 64.75 25.5 73.95 q 32.5 86.3 46.35 85.85 q 50.3 85.75 53.95 84.5 q 54.6 84.2 56.4 83.25 l 56.85 83.35 q 58.55 82.2 59.75 81.3 q 61.95 79.65 64.25 77.1 q 65.95 75.25 67.55 72.05 q 68.85 69.45 69.55 67.25 q 72.15 59.4 71.7 51.1 l 71.45 45.75 q 70.5 39.75 70.3 38.85 q 68.9 34.1 68.5 33.1 q 67.3 30.15 66.35 28.6 q 65.7 27.55 65 26.7 q 64.35 25.95 64.15 25.65 q 61.65 21.35 56.65 18.7 q 52 16.25 47.75 16.35 q 47.2 16.55 47 16.6 q 45.95 16.4 45.8 16.45 m 45.2 34.45 q 50.8 34.25 53.95 40.15 q 56.3 44.6 56.45 50.05 q 56.45 50.15 56.2 51.95 q 55.95 53.85 56.05 54.45 q 56.35 57.05 53.5 61.15 q 50.45 65.55 47.45 65.65 l 45.9 65.8 q 40.3 65.95 37.35 60.15 q 35.15 55.95 34.95 50.45 q 34.8 45.45 36.9 40.8 q 39.7 34.6 45.2 34.45 h c
f #fff 1 m 118.75 23.1 q 119.65 21.95 119.75 21.45 q 119.05 21.15 117.45 21.3 q 113.65 21.15 113.4 21.15 q 111.85 21.2 108 20.8 q 104.35 20.4 104.1 20.35 q 103.75 21.45 101.65 24.95 q 99.35 28.8 98.7 29.85 l 96.15 34.5 q 91.75 42.65 90.25 43.6 q 90.15 43.2 90.15 42.5 q 90.25 38.45 90.15 35.8 q 90.1 28.6 89.9 21.9 q 85.4 22.3 85.15 22.3 q 82.15 22.4 79 22.2 q 76.4 22 76.25 22 q 75.75 22 75.75 22.95 q 75.75 23.1 76.2 26.6 q 76.65 30.4 76.7 31.9 q 76.9 35.45 77.05 40.4 l 78.15 76.45 q 78.15 80.1 78.05 81.9 l 78.05 82.4 l 79.25 82.35 l 80.95 82.05 q 82.05 81.95 84.15 81.65 q 86.05 81.4 87.55 81.35 q 89.6 81.25 91.2 81.3 q 92 81.3 92.8 81.35 q 93 81.3 93.3 80.9 l 93.25 78.7 l 93 77.35 l 92.95 75.1 l 92.65 73.7 l 91.45 59.45 q 91.35 58.95 92.95 57.25 q 93.75 56.4 94.6 55.55 l 94.95 55.85 q 95 56 95.3 59.1 q 95.6 61.85 96.05 63.65 q 97.05 67.7 99.2 72.1 q 104.3 82.85 112.55 82.05 l 119.05 81.45 q 120.05 81.35 120.35 80.85 q 120.55 80.5 120.5 79.6 l 119.45 72.15 q 119.35 70.25 119.25 69.85 q 119.4 67.9 119.35 67.75 l 119.3 64.8 q 119.35 61.95 119.15 61.3 l 118.6 61.3 q 117.75 61.3 116.25 61.75 q 114.75 62.2 113.45 62.25 q 107.95 62.4 104.95 55.65 q 102.8 50.8 102.6 45.25 q 102.6 45.15 103 44.5 q 103.2 44.25 103.65 43.1 q 104.15 42 104.45 41.55 q 106.1 39.25 114.15 28.95 l 117.4 24.85 q 117.75 24.4 118.75 23.1 c
f #fd9827 1 m 145.8 13.5 q 145.8 8.55 142.3 5.05 q 138.75 1.5 133.8 1.5 l 14.3 1.5 q 9.35 1.5 5.85 5.05 q 2.3 8.55 2.3 13.5 l 2.3 84.75 q 2.3 89.7 5.85 93.25 q 9.35 96.75 14.3 96.75 l 133.8 96.75 q 138.75 96.75 142.3 93.25 q 145.8 89.7 145.8 84.75 l 145.8 13.5 c f 0 0 s 3 #b3511c 1 m 133.8 96.75 l 14.3 96.75 q 9.35 96.75 5.85 93.25 q 2.3 89.7 2.3 84.75 l 2.3 13.5 q 2.3 8.55 5.85 5.05 q 9.35 1.5 14.3 1.5 l 133.8 1.5 q 138.75 1.5 142.3 5.05 q 145.8 8.55 145.8 13.5 l 145.8 84.75 q 145.8 89.7 142.3 93.25 q 138.75 96.75 133.8 96.75
f #b3511c 1 m 145 14.65 q 141.45 11.1 136.5 11.1 l 12 11.1 q 7.05 11.1 3.55 14.65 q 0 18.15 0 23.1 l 0 94.35 q 0 99.3 3.55 102.85 q 7.05 106.35 12 106.35 l 136.5 106.35 q 141.45 106.35 145 102.85 q 148.5 99.3 148.5 94.35 l 148.5 23.1 q 148.5 18.15 145 14.65 m 142.85 16.75 q 145.5 19.4 145.5 23.1 l 145.5 94.35 q 145.5 98.05 142.85 100.7 q 140.2 103.35 136.5 103.35 l 12 103.35 q 8.3 103.35 5.65 100.7 q 3 98.05 3 94.35 l 3 23.1 q 3 19.4 5.65 16.75 q 8.3 14.1 12 14.1 l 136.5 14.1 q 140.2 14.1 142.85 16.75 h c
f #b3511c 1 m 148.5 23.1 q 148.5 18.15 145 14.65 q 141.45 11.1 136.5 11.1 l 12 11.1 q 7.05 11.1 3.55 14.65 q 0 18.15 0 23.1 l 0 94.35 q 0 99.3 3.55 102.85 q 7.05 106.35 12 106.35 l 136.5 106.35 q 141.45 106.35 145 102.85 q 148.5 99.3 148.5 94.35 l 148.5 23.1 c
f #000 0.447059 m 1624 750 l 1624 0 l 0 0 l 0 750 l 1624 750 c
f #fff 1 m 269.4 468.35 l 282.6 468.35 l 282.6 438.35 l 291.4 438.35 l 260 406.95 l 228.55 438.35 l 238.2 438.35 l 238.2 468.35 l 251.4 468.35 l 251.4 455.1 q 251.4 451.35 254.05 448.75 q 256.65 446.1 260.4 446.1 q 264.1 446.1 266.75 448.75 q 269.4 451.35 269.4 455.1 l 269.4 468.35 c f 0 0 s 3 #fff 1 m 291.4 438.35 l 260 406.95 l 228.55 438.35 l 238.2 438.35 l 238.2 468.35 l 251.4 468.35 l 251.4 455.1 q 251.4 451.35 254.05 448.75 q 256.65 446.1 260.4 446.1 q 264.1 446.1 266.75 448.75 q 269.4 451.35 269.4 455.1 l 269.4 468.35 l 282.6 468.35 l 282.6 438.35 l 291.4 438.35
f #6acccb 1 m 320 440.1 q 320 415.25 302.4 397.7 q 284.8 380.1 259.95 380.1 q 235.15 380.1 217.55 397.7 q 200 415.25 200 440.1 q 200 464.95 217.55 482.55 q 235.1 500.1 259.95 500.1 q 284.8 500.1 302.4 482.55 q 320 464.95 320 440.1 c f 0 0 s 3 #0b6665 1 m 200 440.1 q 200 464.95 217.55 482.55 q 235.1 500.1 259.95 500.1 q 284.8 500.1 302.4 482.55 q 320 464.95 320 440.1 q 320 415.25 302.4 397.7 q 284.8 380.1 259.95 380.1 q 235.15 380.1 217.55 397.7 q 200 415.25 200 440.1
f #0b6665 1 m 302.4 488.55 q 320 470.95 320 446.1 q 320 421.25 302.4 403.7 q 284.8 386.1 259.95 386.1 q 235.15 386.1 217.55 403.7 q 200 421.25 200 446.1 q 200 470.95 217.55 488.55 q 235.1 506.1 259.95 506.1 q 284.8 506.1 302.4 488.55 c f 0 0 s 3 #0b6665 1 m 200 446.1 q 200 470.95 217.55 488.55 q 235.1 506.1 259.95 506.1 q 284.8 506.1 302.4 488.55 q 320 470.95 320 446.1 q 320 421.25 302.4 403.7 q 284.8 386.1 259.95 386.1 q 235.15 386.1 217.55 403.7 q 200 421.25 200 446.1
f #fff 1 m 10.95 5.2 q 10.65 5.35 10.25 5.35 q 9.8 5.3 9.35 5.3 q 8.85 5.3 8.45 5.05 q 8.3 4.95 8.15 4.9 q 7.2 4.4 6.6 3.4 q 6.45 3.15 6.25 2.9 q 5.5 1.85 5.3 0.6 q 5.25 0.5 5.25 0.5 q 5.05 1.45 4.6 2.4 q 3.7 4.1 2.05 5.15 q 1.8 5.3 1.55 5.45 q 1.05 5.75 0.55 5.85 q 0.2 5.9 -0.15 6 q 0.8 6 1.75 6.1 q 1.95 6.1 2.15 6.2 q 3.3 6.6 4.05 7.6 q 4.5 8.2 4.75 8.9 q 4.95 9.35 5.15 9.8 q 5.65 11.15 5.75 12.6 q 5.75 12.95 5.85 13.3 q 5.85 13.1 5.85 12.9 q 5.9 12.7 5.9 12.5 q 5.9 11.45 6.15 10.4 q 6.25 10.1 6.35 9.8 q 6.4 9.5 6.45 9.2 q 6.55 8.7 6.9 8.35 q 7.05 8.2 7.2 8.05 q 7.85 7.2 8.75 6.7 q 8.95 6.55 9.15 6.4 q 10 5.8 10.8 5.35 q 10.9 5.3 10.95 5.2 c