f #fff 1 m 720.6 149.3 l 720.6 162.6 l 739.05 161.8 l 738.65 169.8 l 754.35 156.15 l 739.1 142.5 l 739.9 150.1 l 720.6 149.3 c f 0 0 s 2 #fff 1 m 739.1 142.5 l 754.35 156.15 l 738.65 169.8 l 739.05 161.8 l 720.6 162.6 l 720.6 149.3 l 739.9 150.1 l 739.1 142.5
f #066 1 m 62.5 29.9 q 56.15 23.55 47.25 23.55 q 38.3 23.55 32 29.9 q 25.65 36.15 25.65 45.1 q 25.65 54.05 32 60.35 q 38.3 66.65 47.25 66.65 q 56.15 66.65 62.5 60.35 q 68.8 54.05 68.8 45.1 q 68.8 36.15 62.5 29.9 c
f #6cc 1 m 80.45 22.55 q 80.45 18.35 77.5 15.35 q 74.45 12.35 70.25 12.35 l 24.05 12.35 q 19.85 12.35 16.9 15.35 q 13.85 18.35 13.85 22.55 l 13.85 65.5 q 13.85 69.7 16.9 72.75 q 19.85 75.7 24.05 75.7 l 70.25 75.7 q 74.45 75.7 77.5 72.75 q 80.45 69.7 80.45 65.5 l 80.45 22.55 c f 0 0 s 2 #066 1 m 70.25 75.7 l 24.05 75.7 q 19.85 75.7 16.9 72.75 q 13.85 69.7 13.85 65.5 l 13.85 22.55 q 13.85 18.35 16.9 15.35 q 19.85 12.35 24.05 12.35 l 70.25 12.35 q 74.45 12.35 77.5 15.35 q 80.45 18.35 80.45 22.55 l 80.45 65.5 q 80.45 69.7 77.5 72.75 q 74.45 75.7 70.25 75.7
f #066 1 m 80.5 29.5 q 80.5 25.3 77.5 22.3 q 74.5 19.3 70.3 19.3 l 24.1 19.3 q 19.9 19.3 16.9 22.3 q 13.9 25.3 13.9 29.5 l 13.9 72.45 q 13.9 76.65 16.9 79.7 q 19.9 82.65 24.1 82.65 l 70.3 82.65 q 74.5 82.65 77.5 79.7 q 80.5 76.65 80.5 72.45 l 80.5 29.5 c f 0 0 s 2 #066 1 m 70.3 82.65 l 24.1 82.65 q 19.9 82.65 16.9 79.7 q 13.9 76.65 13.9 72.45 l 13.9 29.5 q 13.9 25.3 16.9 22.3 q 19.9 19.3 24.1 19.3 l 70.3 19.3 q 74.5 19.3 77.5 22.3 q 80.5 25.3 80.5 29.5 l 80.5 72.45 q 80.5 76.65 77.5 79.7 q 74.5 82.65 70.3 82.65
f #fc9 1 m 30.55 20 q 30.55 19.6 30.25 19.35 q 30 19.05 29.6 19.05 q 29.25 19.05 28.95 19.35 q 28.7 19.6 28.7 20 l 28.7 29.85 l 24.2 29.85 q 23.85 29.85 23.6 30.1 q 23.3 30.35 23.3 30.75 q 23.3 31.15 23.6 31.4 q 23.85 31.65 24.2 31.65 l 29.6 31.65 q 30 31.65 30.25 31.4 q 30.55 31.15 30.55 30.75 l 30.55 20 c
f #fc9 1 m 36.55 14.1 q 36.55 13.75 36.25 13.45 q 36 13.2 35.6 13.2 l 23.9 13.2 q 23.55 13.2 23.25 13.45 q 23 13.75 23 14.1 q 23 14.5 23.25 14.75 q 23.55 15.05 23.9 15.05 l 34.7 15.05 l 34.7 36 l 17.6 36 q 17.25 36 16.95 36.25 q 16.7 36.55 16.7 36.9 q 16.7 37.3 16.95 37.55 q 17.25 37.8 17.6 37.8 l 35.6 37.8 q 36 37.8 36.25 37.55 q 36.55 37.3 36.55 36.9 l 36.55 14.1 c
f #fc9 1 m 18.5 24.6 q 18.5 24.2 18.25 23.95 q 18 23.7 17.6 23.7 l 12.05 23.7 q 11.7 23.7 11.4 23.95 q 11.15 24.2 11.15 24.6 q 11.15 24.95 11.4 25.25 q 11.7 25.5 12.05 25.5 l 16.7 25.5 l 16.7 36 l 6.35 36 q 6 36 5.75 36.25 q 5.45 36.55 5.45 36.9 q 5.45 37.3 5.75 37.55 q 6 37.8 6.35 37.8 l 17.6 37.8 q 18 37.8 18.25 37.55 q 18.5 37.3 18.5 36.9 l 18.5 24.6 c
f #fc9 1 m 18.5 8.45 q 18.5 8.05 18.25 7.8 q 18 7.55 17.6 7.55 q 17.25 7.55 16.95 7.8 q 16.7 8.05 16.7 8.45 l 16.7 12.3 l 12.05 12.3 q 11.7 12.3 11.4 12.55 q 11.15 12.85 11.15 13.2 q 11.15 13.6 11.4 13.85 q 11.7 14.1 12.05 14.1 l 17.6 14.1 q 18 14.1 18.25 13.85 q 18.5 13.6 18.5 13.2 l 18.5 8.45 c
f #fc9 1 m 23.45 24.45 q 23.85 24.45 24.1 24.15 q 24.35 23.9 24.35 23.5 l 24.35 19.2 q 24.35 18.85 24.1 18.55 q 23.85 18.3 23.45 18.3 l 6.2 18.3 q 5.85 18.3 5.6 18.55 q 5.3 18.85 5.3 19.2 q 5.3 19.6 5.6 19.85 q 5.85 20.1 6.2 20.1 l 22.55 20.1 l 22.55 23.5 q 22.55 23.9 22.8 24.15 q 23.1 24.45 23.45 24.45 c
f #fc9 1 m 35.15 8.75 q 35.55 8.75 35.8 8.45 q 36.05 8.2 36.05 7.85 q 36.05 7.45 35.8 7.2 q 35.55 6.9 35.15 6.9 l 6.2 6.9 q 5.85 6.9 5.6 7.2 q 5.3 7.45 5.3 7.85 l 5.3 30.75 q 5.3 31.15 5.6 31.4 q 5.85 31.65 6.2 31.65 l 9.9 31.65 q 10.3 31.65 10.55 31.4 q 10.85 31.15 10.85 30.75 q 10.85 30.35 10.55 30.1 q 10.3 29.85 9.9 29.85 l 7.15 29.85 l 7.15 8.75 l 35.15 8.75 c
f #ae502c 1 m 365.8 59.8 q 365.8 35.15 348.25 17.55 q 330.7 0 306 0 l 59.85 0 q 35.15 0 17.6 17.55 q 0 35.15 0 59.8 l 0 305.95 q 0 330.65 17.6 348.2 q 35.2 365.8 59.85 365.8 l 306 365.8 q 330.65 365.8 348.25 348.2 q 365.8 330.65 365.8 305.95 l 365.8 59.8 c
f #fd9827 1 m -1.6 -3.35 l -88.7 -3.35 q -103.5 -3.35 -103.5 11.45 l -103.5 44.3 q -103.5 59.1 -88.7 59.1 l -1.6 59.1 q 13.2 59.1 13.2 44.3 l 13.2 11.45 q 13.2 -3.35 -1.6 -3.35 c f 0 0 s 2 #b3511d 1 m -88.7 -3.35 l -1.6 -3.35 q 13.2 -3.35 13.2 11.45 l 13.2 44.3 q 13.2 59.1 -1.6 59.1 l -88.7 59.1 q -103.5 59.1 -103.5 44.3 l -103.5 11.45 q -103.5 -3.35 -88.7 -3.35
f #b2501e 1 m 13.2 51.75 l 13.2 18.9 q 13.2 4.1 -1.6 4.1 l -88.7 4.1 q -103.5 4.1 -103.5 18.9 l -103.5 51.75 q -103.5 66.55 -88.7 66.55 l -1.6 66.55 q 13.2 66.55 13.2 51.75 c f 0 0 s 2 #b3511d 1 m -88.7 4.1 l -1.6 4.1 q 13.2 4.1 13.2 18.9 l 13.2 51.75 q 13.2 66.55 -1.6 66.55 l -88.7 66.55 q -103.5 66.55 -103.5 51.75 l -103.5 18.9 q -103.5 4.1 -88.7 4.1
f #ffac61 1 m -1.6 -3.35 l -88.7 -3.35 q -103.5 -3.35 -103.5 11.45 l -103.5 44.3 q -103.5 59.1 -88.7 59.1 l -1.6 59.1 q 13.2 59.1 13.2 44.3 l 13.2 11.45 q 13.2 -3.35 -1.6 -3.35 c f 0 0 s 2 #b3511d 1 m -88.7 -3.35 l -1.6 -3.35 q 13.2 -3.35 13.2 11.45 l 13.2 44.3 q 13.2 59.1 -1.6 59.1 l -88.7 59.1 q -103.5 59.1 -103.5 44.3 l -103.5 11.45 q -103.5 -3.35 -88.7 -3.35
f #aae0f8 0 m 235.55 3.75 l 5.55 3.75 l 5.55 493.75 l 235.55 493.75 l 235.55 3.75 c
f #fff 0.447059 m -162.6 130.3 q -162.55 130.15 -162.45 130.05 l -165.1 130.05 q -165.05 130.25 -165 130.45 q -164.75 130.65 -164.5 130.8 q -164.05 130.9 -163.6 130.95 q -163.35 130.8 -163.1 130.7 q -162.85 130.5 -162.6 130.3 c f #82df8d 1 m -183.65 139.05 q -183.95 138.85 -184.25 138.7 q -184.6 138.5 -184.9 138.3 q -185.45 137.95 -186 137.55 q -186.3 137.35 -186.55 137.15 q -185.95 137.7 -185.25 138.15 q -184.95 138.35 -184.65 138.55 q -184.45 138.75 -184.25 138.95 q -184.1 139.1 -183.85 139.3 q -183.65 139.5 -183.4 139.65 q -183.1 139.85 -182.75 140.05 q -182.7 140.05 -182.6 140.1 q -182.75 139.95 -182.9 139.8 q -183.25 139.45 -183.65 139.05 c f #82df8d 1 m -190.75 134.5 q -190.75 134.5 -190.65 134.55 q -190.95 134.35 -191.25 134.2 q -191.65 134 -192 133.8 q -192.4 133.6 -192.75 133.4 q -192.95 133.25 -193.15 133.05 q -193.5 132.65 -193.95 132.35 q -194.7 131.75 -195.5 131.15 q -195.85 130.85 -196.15 130.55 q -196.2 130.5 -196.3 130.45 q -196.7 130.3 -197.05 130.2 q -196.95 130.3 -196.8 130.45 q -196.6 130.6 -196.35 130.75 q -195.6 131.35 -194.8 131.95 q -194.6 132.1 -194.35 132.25 q -193.6 132.85 -192.75 133.45 q -192.5 133.6 -192.25 133.8 q -191.5 134.15 -190.75 134.5 c f #82df8d 1 m -188.15 136.05 l -188.15 136.05 q -188.2 136 -188.2 136 q -188.2 136.05 -188.15 136.05 c
f #fff 0.447059 m -162.6 130.3 q -162.55 130.15 -162.45 130.05 l -165.1 130.05 q -165.05 130.25 -165 130.45 q -164.75 130.65 -164.5 130.8 q -164.05 130.9 -163.6 130.95 q -163.35 130.8 -163.1 130.7 q -162.85 130.5 -162.6 130.3 c f #82df8d 1 m -183.65 139.05 q -183.95 138.85 -184.25 138.7 q -184.6 138.5 -184.9 138.3 q -185.45 137.95 -186 137.55 q -186.3 137.35 -186.55 137.15 q -185.95 137.7 -185.25 138.15 q -184.95 138.35 -184.65 138.55 q -184.45 138.75 -184.25 138.95 q -184.1 139.1 -183.85 139.3 q -183.65 139.5 -183.4 139.65 q -183.1 139.85 -182.75 140.05 q -182.7 140.05 -182.6 140.1 q -182.75 139.95 -182.9 139.8 q -183.25 139.45 -183.65 139.05 c f #82df8d 1 m -190.75 134.5 q -190.75 134.5 -190.65 134.55 q -190.95 134.35 -191.25 134.2 q -191.65 134 -192 133.8 q -192.4 133.6 -192.75 133.4 q -192.95 133.25 -193.15 133.05 q -193.5 132.65 -193.95 132.35 q -194.7 131.75 -195.5 131.15 q -195.85 130.85 -196.15 130.55 q -196.2 130.5 -196.3 130.45 q -196.7 130.3 -197.05 130.2 q -196.95 130.3 -196.8 130.45 q -196.6 130.6 -196.35 130.75 q -195.6 131.35 -194.8 131.95 q -194.6 132.1 -194.35 132.25 q -193.6 132.85 -192.75 133.45 q -192.5 133.6 -192.25 133.8 q -191.5 134.15 -190.75 134.5 c f #82df8d 1 m -188.15 136.05 l -188.15 136.05 q -188.2 136 -188.2 136 q -188.2 136.05 -188.15 136.05 c
f #fff 0.447059 m -162.6 130.3 q -162.55 130.15 -162.45 130.05 l -165.1 130.05 q -165.05 130.25 -165 130.45 q -164.75 130.65 -164.5 130.8 q -164.05 130.9 -163.6 130.95 q -163.35 130.8 -163.1 130.7 q -162.85 130.5 -162.6 130.3 c f #82df8d 1 m -183.65 139.05 q -183.95 138.85 -184.25 138.7 q -184.6 138.5 -184.9 138.3 q -185.45 137.95 -186 137.55 q -186.3 137.35 -186.55 137.15 q -185.95 137.7 -185.25 138.15 q -184.95 138.35 -184.65 138.55 q -184.45 138.75 -184.25 138.95 q -184.1 139.1 -183.85 139.3 q -183.65 139.5 -183.4 139.65 q -183.1 139.85 -182.75 140.05 q -182.7 140.05 -182.6 140.1 q -182.75 139.95 -182.9 139.8 q -183.25 139.45 -183.65 139.05 c f #82df8d 1 m -190.75 134.5 q -190.75 134.5 -190.65 134.55 q -190.95 134.35 -191.25 134.2 q -191.65 134 -192 133.8 q -192.4 133.6 -192.75 133.4 q -192.95 133.25 -193.15 133.05 q -193.5 132.65 -193.95 132.35 q -194.7 131.75 -195.5 131.15 q -195.85 130.85 -196.15 130.55 q -196.2 130.5 -196.3 130.45 q -196.7 130.3 -197.05 130.2 q -196.95 130.3 -196.8 130.45 q -196.6 130.6 -196.35 130.75 q -195.6 131.35 -194.8 131.95 q -194.6 132.1 -194.35 132.25 q -193.6 132.85 -192.75 133.45 q -192.5 133.6 -192.25 133.8 q -191.5 134.15 -190.75 134.5 c f #82df8d 1 m -188.15 136.05 l -188.15 136.05 q -188.2 136 -188.2 136 q -188.2 136.05 -188.15 136.05 c
f 0 0 s 2 #000 1 m 149.45 429.5 q 140.85 430.1 132.15 430.4 q 128.8 430.55 125.45 430.8 q 120.9 431.15 116.3 431.25 f 0 0 s 2 #000 1 m 108 430.95 q 110.1 431.25 112.15 431.35 q 114.05 431.45 115.75 431.15 f 0 0 s 2 #000 1 m 74 429.5 q 82.55 430.1 91.3 430.4 q 94.65 430.55 98 430.8 q 102.55 431.15 107.15 431.25 f 0 0 s 2 #000 1 m -14.4 215.6 q -14.4 207.9 -14.4 200.2 q -14.4 192.45 -14.4 184.7 q -14.4 183.85 -14.4 183.05 f 0 0 s 2 #000 1 m -14.8 370.6 q -14.8 365.6 -14.8 360.55 q -14.8 353.9 -14.8 347.2 q -14.8 341.15 -14.8 335.1 q -14.8 330.5 -14.8 325.9 q -14.8 325.1 -14.8 324.25 q -14.8 317.55 -14.8 310.85 q -14.8 303.15 -14.8 295.4 q -14.8 289.55 -14.8 283.7 q -14.8 276.8 -14.8 269.9 q -14.8 264.45 -14.8 259.05 q -14.8 258.85 -14.8 258.65 l -14.8 258.2 q -14.8 258 -14.8 257.8 q -14.8 257.6 -14.8 257.4 l -14.8 256.95 q -14.8 256.75 -14.8 256.55 q -14.8 251.55 -14.8 246.55 q -14.8 241.95 -14.8 237.35 q -14.8 228.75 -14.8 220.2 f 0 0 s 2 #000 1 m -14.8 376.05 q -15.25 383.8 -13.95 390.95
f #fff 0.447059 m -162.6 130.3 q -162.55 130.15 -162.45 130.05 l -165.1 130.05 q -165.05 130.25 -165 130.45 q -164.75 130.65 -164.5 130.8 q -164.05 130.9 -163.6 130.95 q -163.35 130.8 -163.1 130.7 q -162.85 130.5 -162.6 130.3 c f #82df8d 1 m -183.65 139.05 q -183.95 138.85 -184.25 138.7 q -184.6 138.5 -184.9 138.3 q -185.45 137.95 -186 137.55 q -186.3 137.35 -186.55 137.15 q -185.95 137.7 -185.25 138.15 q -184.95 138.35 -184.65 138.55 q -184.45 138.75 -184.25 138.95 q -184.1 139.1 -183.85 139.3 q -183.65 139.5 -183.4 139.65 q -183.1 139.85 -182.75 140.05 q -182.7 140.05 -182.6 140.1 q -182.75 139.95 -182.9 139.8 q -183.25 139.45 -183.65 139.05 c f #82df8d 1 m -188.15 136.05 l -188.15 136.05 q -188.2 136 -188.2 136 q -188.2 136.05 -188.15 136.05 c f #82df8d 1 m -190.75 134.5 q -190.75 134.5 -190.65 134.55 q -190.95 134.35 -191.25 134.2 q -191.65 134 -192 133.8 q -192.4 133.6 -192.75 133.4 q -192.95 133.25 -193.15 133.05 q -193.5 132.65 -193.95 132.35 q -194.7 131.75 -195.5 131.15 q -195.85 130.85 -196.15 130.55 q -196.2 130.5 -196.3 130.45 q -196.7 130.3 -197.05 130.2 q -196.95 130.3 -196.8 130.45 q -196.6 130.6 -196.35 130.75 q -195.6 131.35 -194.8 131.95 q -194.6 132.1 -194.35 132.25 q -193.6 132.85 -192.75 133.45 q -192.5 133.6 -192.25 133.8 q -191.5 134.15 -190.75 134.5 c
f #fff 0.447059 m -162.6 130.3 q -162.55 130.15 -162.45 130.05 l -165.1 130.05 q -165.05 130.25 -165 130.45 q -164.75 130.65 -164.5 130.8 q -164.05 130.9 -163.6 130.95 q -163.35 130.8 -163.1 130.7 q -162.85 130.5 -162.6 130.3 c f #82df8d 1 m -183.65 139.05 q -183.95 138.85 -184.25 138.7 q -184.6 138.5 -184.9 138.3 q -185.45 137.95 -186 137.55 q -186.3 137.35 -186.55 137.15 q -185.95 137.7 -185.25 138.15 q -184.95 138.35 -184.65 138.55 q -184.45 138.75 -184.25 138.95 q -184.1 139.1 -183.85 139.3 q -183.65 139.5 -183.4 139.65 q -183.1 139.85 -182.75 140.05 q -182.7 140.05 -182.6 140.1 q -182.75 139.95 -182.9 139.8 q -183.25 139.45 -183.65 139.05 c f #82df8d 1 m -190.75 134.5 q -190.75 134.5 -190.65 134.55 q -190.95 134.35 -191.25 134.2 q -191.65 134 -192 133.8 q -192.4 133.6 -192.75 133.4 q -192.95 133.25 -193.15 133.05 q -193.5 132.65 -193.95 132.35 q -194.7 131.75 -195.5 131.15 q -195.85 130.85 -196.15 130.55 q -196.2 130.5 -196.3 130.45 q -196.7 130.3 -197.05 130.2 q -196.95 130.3 -196.8 130.45 q -196.6 130.6 -196.35 130.75 q -195.6 131.35 -194.8 131.95 q -194.6 132.1 -194.35 132.25 q -193.6 132.85 -192.75 133.45 q -192.5 133.6 -192.25 133.8 q -191.5 134.15 -190.75 134.5 c f #82df8d 1 m -188.15 136.05 l -188.15 136.05 q -188.2 136 -188.2 136 q -188.2 136.05 -188.15 136.05 c
f #fff 0.447059 m -162.6 130.3 q -162.55 130.15 -162.45 130.05 l -165.1 130.05 q -165.05 130.25 -165 130.45 q -164.75 130.65 -164.5 130.8 q -164.05 130.9 -163.6 130.95 q -163.35 130.8 -163.1 130.7 q -162.85 130.5 -162.6 130.3 c f #82df8d 1 m -183.65 139.05 q -183.95 138.85 -184.25 138.7 q -184.6 138.5 -184.9 138.3 q -185.45 137.95 -186 137.55 q -186.3 137.35 -186.55 137.15 q -185.95 137.7 -185.25 138.15 q -184.95 138.35 -184.65 138.55 q -184.45 138.75 -184.25 138.95 q -184.1 139.1 -183.85 139.3 q -183.65 139.5 -183.4 139.65 q -183.1 139.85 -182.75 140.05 q -182.7 140.05 -182.6 140.1 q -182.75 139.95 -182.9 139.8 q -183.25 139.45 -183.65 139.05 c f #82df8d 1 m -190.75 134.5 q -190.75 134.5 -190.65 134.55 q -190.95 134.35 -191.25 134.2 q -191.65 134 -192 133.8 q -192.4 133.6 -192.75 133.4 q -192.95 133.25 -193.15 133.05 q -193.5 132.65 -193.95 132.35 q -194.7 131.75 -195.5 131.15 q -195.85 130.85 -196.15 130.55 q -196.2 130.5 -196.3 130.45 q -196.7 130.3 -197.05 130.2 q -196.95 130.3 -196.8 130.45 q -196.6 130.6 -196.35 130.75 q -195.6 131.35 -194.8 131.95 q -194.6 132.1 -194.35 132.25 q -193.6 132.85 -192.75 133.45 q -192.5 133.6 -192.25 133.8 q -191.5 134.15 -190.75 134.5 c f #82df8d 1 m -188.15 136.05 l -188.15 136.05 q -188.2 136 -188.2 136 q -188.2 136.05 -188.15 136.05 c
f #fc9 1 m 917.2 -41 l 208.1 -43 l -88 193.05 l -88 279.1 l 1210.25 279.1 l 1210.25 195.05 l 917.2 -41 c
f #dca05a 1 m 917.2 -41 l 208.1 -43 l -88 193.05 l -88 279.1 l 1210.25 279.1 l 1210.25 195.05 l 917.2 -41 c
f #f96 1 m 917.2 -41 l 208.1 -43 l -88 193.05 l -88 279.1 l 1210.25 279.1 l 1210.25 195.05 l 917.2 -41 c
f #c0a075 1 m 917.2 -41 l 208.1 -43 l -88 193.05 l -88 279.1 l 1210.25 279.1 l 1210.25 195.05 l 917.2 -41 c
f #ff0 1 m 10 5 q 10 2.95 8.5 1.45 q 7.05 0 5 0 q 2.95 0 1.45 1.45 q 0 2.95 0 5 q 0 7.05 1.45 8.5 q 2.95 10 5 10 q 7.05 10 8.5 8.5 q 10 7.05 10 5 c